0 1 109512
2 3 46
2 4 4754
2 5 8238
2 6 293
2 7 4786
2 8 3866
2 9 212
2 10 2689
2 11 4009
2 12 29
2 13 2276
2 14 26349
15 16 4
15 17 13
18 19 6880
20 21 37
20 22 1127
23 24 44
23 25 47
23 26 9
23 27 3
23 28 30
23 29 11
23 30 1
23 31 15
23 32 5
23 33 69
23 34 415
23 35 50
23 36 169
23 37 3
23 38 8
3 6 159
3 39 353
3 40 114
3 41 2399
3 42 505
3 9 206
3 43 208
3 12 258
3 13 9
3 44 1029
3 45 1957
3 46 113
3 47 41
48 49 186
48 22 64629
50 30 50
50 51 109
50 17 22
52 31 93
53 54 2
53 55 6
56 49 3255
56 57 15
56 22 120911
58 3 744
58 56 512
58 6 41
58 59 643
58 39 7136
58 60 2
58 61 465
58 62 171
58 63 7
58 40 75319
58 41 61371
58 7 1852
58 64 76
58 9 8008
58 65 2540
58 66 1
58 57 2157
58 67 3520
58 43 45545
58 68 24
58 12 1392
58 69 423
58 13 3
58 22 114
58 14 162
58 44 1185
58 45 827
58 70 7498
58 71 1515
58 46 22
58 17 1
58 47 13224
4 6 299
4 10 3
4 22 19
72 73 2
74 18 48
74 19 150
5 39 464
5 41 2
5 7 67
5 42 156
5 9 60
5 57 439
5 13 2775
5 14 2
5 70 40
5 75 13
5 47 11
76 77 13034
76 78 12500
79 60 3
79 80 25
81 82 3
81 83 2
84 25 45
84 85 84
84 40 25
84 29 505
84 36 2
84 86 157586
87 47 9
25 88 6
89 25 67792
89 88 3085
89 90 4
89 49 17509
89 91 5763
89 31 141
89 92 19
89 93 6179
89 94 12
89 22 86407
89 36 12
89 95 15
89 96 605
89 97 6127
85 25 20
85 36 24
98 40 1
98 99 1
100 98 5
100 40 330
100 86 27
101 66 1
101 102 12
6 3 24
6 4 227
6 5 592
6 39 418
6 41 5
6 42 687
6 9 55
6 43 28
6 12 17
6 14 18
6 44 40
6 45 1635
59 41 1
59 7 20
59 103 5
39 3 5
39 5 9
39 6 10
39 40 6
39 41 16
39 42 67
39 9 2
39 43 60
39 12 515
39 13 374
39 44 8021
39 70 29
61 39 11
61 62 162
61 104 150
61 63 5
61 40 7
61 41 61
61 43 99
61 68 46
61 12 18
61 71 1017
61 46 1
61 47 1
105 50 158
105 56 8494
105 40 6
105 106 1
105 30 10420
105 31 7
105 92 1
105 107 1
105 43 747
105 68 4
105 108 898
105 16 934
105 22 6677
105 51 42803
105 109 336
105 45 1
105 46 1
105 75 4
105 17 6358
105 47 135
110 111 1
62 63 36
62 65 65
62 57 39
62 68 3
62 22 3
112 113 127
114 115 10177
114 116 26
114 117 39178
114 118 46
114 17 104
26 32 1
63 65 1
40 15 173
40 3 3953
40 58 31248
40 4 4
40 5 300
40 25 4
40 6 20
40 39 8125
40 61 3873
40 119 3
40 62 828
40 63 60
40 41 75239
40 7 44
40 42 10
40 64 213
40 9 23420
40 65 45
40 57 531
40 67 1713
40 120 23
40 43 22111
40 68 703
40 12 21903
40 69 1064
40 121 1
40 13 395
40 22 280
40 44 1093
40 45 32
40 70 13605
40 71 7748
40 46 8444
40 75 264
40 17 41
40 47 15507
21 22 287
21 75 6
41 3 5401
41 48 1
41 58 395
41 5 1
41 6 520
41 39 624
41 61 1489
41 62 11
41 63 2478
41 40 2694
41 42 13
41 9 209
41 65 12
41 57 12
41 67 187
41 43 1981
41 116 2
41 68 8
41 12 2068
41 69 1
41 13 7
41 45 255
41 70 301
41 71 1304
41 46 819
41 47 286
78 76 53
7 2 361
7 23 5
7 3 36
7 58 65
7 5 31382
7 84 16
7 59 675
7 39 4
7 61 13
7 40 29
7 41 98
7 42 80
7 9 15
7 67 9
7 10 1
7 43 6
7 11 29
7 68 1
7 99 2
7 12 76
7 13 885
7 51 924
7 14 628
7 70 5
7 71 1
7 122 64
7 75 18
7 17 101
7 47 49
7 86 110
7 38 3
123 100 1
123 110 58302
123 124 616
123 111 269
123 99 5
123 86 6615
125 53 43
124 110 40046
124 111 267
124 86 84
42 3 1489
42 4 20
42 6 16
42 41 1
42 12 4
42 13 247
42 44 62
126 50 22
126 52 2616
126 127 16
126 30 95
126 92 679
126 128 2401
126 108 809
126 1 148841
126 16 11
126 51 296
126 36 29
126 17 30412
28 31 34
28 36 291
64 41 28
64 43 15
64 47 682
103 58 2
103 84 94
103 25 839
103 59 216
103 40 20
103 41 18
103 7 101
103 42 2
103 49 5
103 43 1180
103 13 11
103 22 5241
103 36 45
103 45 1966
103 47 16
103 86 2
9 2 2052
9 3 16685
9 56 77
9 58 669
9 4 175
9 5 301
9 84 35
9 25 1
9 6 2158
9 59 2
9 39 2415
9 61 2036
9 62 24
9 63 1
9 40 8179
9 41 28188
9 7 1082
9 42 1404
9 64 368
9 103 35
9 65 19
9 57 97
9 67 63
9 120 1586
9 10 62
9 43 803
9 68 437
9 12 3530
9 69 14
9 129 168
9 13 6116
9 51 12
9 14 224
9 44 775
9 45 5692
9 70 551
9 71 748
9 46 5966
9 75 2
9 17 7
9 47 8250
29 25 14
130 50 24761
130 8 19823
130 103 3389
130 30 65540
130 66 1853
130 102 22
130 108 23121
130 16 52706
130 13 38
130 22 37
130 51 96223
130 131 36106
130 17 95668
49 22 2650
127 56 197
127 25 1
127 16 7
127 22 197
127 132 12
127 17 1
30 8 7842
91 49 90
91 22 8
65 56 51
65 62 2115
65 57 1516
65 12 34
65 70 1
66 50 5
66 133 1
66 101 4
66 30 71
66 108 3
66 16 39
66 51 2098
66 17 84
66 47 1
57 56 71013
57 39 127
57 62 549
57 49 30
57 65 1197
57 93 1
57 43 43
57 12 32
57 22 7523
57 70 57
57 75 5
57 47 1
67 48 10
67 58 61
67 40 271
67 41 197
134 135 29
134 40 20
31 24 2
31 25 176
31 28 21
31 30 48
31 92 7
31 108 46
31 16 4
31 51 27
31 36 34184
31 96 738
31 17 10575
136 101 12
137 138 2
139 84 10092
139 41 9
139 29 157
139 86 1.55033e+06
10 4 1
138 50 4
138 58 19
138 76 44
138 84 152
138 25 1
138 133 1
138 101 111
138 39 23
138 119 6
138 40 279817
138 41 547
138 78 17
138 42 34
138 9 113
138 30 19
138 102 3
138 136 314
138 137 9837
138 43 17207
138 140 22
138 69 935
138 16 3
138 22 61149
138 51 3813
138 141 2686
138 70 13814
138 71 4577
138 46 1558
138 17 1583
138 47 18819
138 86 103
73 142 8
73 113 4895
128 126 485
43 143 1
43 3 8863
43 48 1
43 50 78
43 56 7373
43 58 30751
43 4 374
43 5 295
43 84 7
43 82 4
43 25 491
43 6 2496
43 59 1751
43 39 32884
43 60 1
43 61 18775
43 144 1
43 105 1
43 119 2
43 62 4994
43 63 12743
43 40 29463
43 41 424418
43 78 19
43 7 394
43 145 1
43 42 996
43 106 1103
43 126 13
43 8 41
43 64 17945
43 103 19
43 9 60778
43 29 255
43 130 47
43 49 61
43 127 15
43 30 307
43 65 11605
43 66 50
43 102 2
43 57 12635
43 67 296
43 31 6
43 92 4
43 120 474
43 107 1
43 10 6
43 116 52
43 68 20498
43 108 13
43 12 28728
43 69 456
43 16 578
43 121 1
43 129 4
43 13 3224
43 22 6992
43 54 1
43 51 303
43 14 495
43 146 1
43 36 277
43 44 2677
43 45 1518
43 70 29738
43 71 53633
43 46 5755
43 132 4
43 75 367
43 17 3544
43 47 168931
43 86 64
34 23 1090
34 84 433
34 25 77
34 147 17
34 26 64
34 27 124
34 29 1282
34 33 386
34 148 1
34 149 24
34 36 34
34 96 30
34 150 6
34 86 105
34 38 6
111 110 3027
116 140 26
11 56 23
11 4 2444
11 5 5367
11 6 1268
11 39 48
11 40 88
11 41 1
11 7 1963
11 42 74
11 65 89
11 10 799
11 68 15
11 12 16
11 129 54
11 13 178
11 22 2534
11 14 11300
11 44 3
11 45 263
11 71 17
68 43 6
68 70 4
108 50 15
108 30 7
108 16 39
108 51 50
108 17 12478
108 151 352
1 0 9184
35 26 1
152 87 854
12 3 866
12 56 25554
12 58 29
12 4 99
12 5 2689
12 6 109
12 59 547
12 39 7766
12 61 1094
12 62 1105
12 63 1512
12 40 4303
12 41 5706
12 7 746
12 42 378
12 64 275
12 9 3913
12 49 435
12 65 2859
12 57 5062
12 43 2782
12 68 257
12 69 1375
12 13 1168
12 22 465
12 14 62
12 44 1330
12 45 54
12 70 10308
12 71 1063
12 75 3483
12 47 8599
69 142 15
69 58 1010
69 153 76
69 63 48
69 40 2587
69 41 8
69 154 11
69 64 2
69 9 71
69 67 95
69 43 2388
69 12 2077
69 70 161393
69 71 113
69 46 18
69 47 419
121 25 2
121 29 3751
121 93 3
121 22 7
121 36 12
121 86 1
129 56 3895
129 8 32
129 57 19
129 12 19
129 13 42
129 22 88
129 122 5
129 75 117
13 3 210
13 5 49
13 39 47
13 41 103
13 7 33
13 9 22
13 129 148
13 44 6
13 70 665
13 75 10
13 47 5
22 56 164
22 21 1
22 49 13
22 93 1
22 75 11572
80 60 9
80 132 6
51 50 3429
51 105 30
51 8 1520
51 30 2199
51 108 389
51 16 1627
51 17 6711
141 2 1872
141 58 12
141 5 11
141 40 1505
141 41 1019
141 43 4488
141 47 1127
14 56 116
14 4 1296
14 5 842
14 6 345
14 40 120
14 41 6
14 7 486
14 42 7
14 9 9
14 10 3051
14 11 20
14 13 486
14 22 1407
14 45 223
36 24 85
36 155 10
36 85 14
36 126 1
36 28 50
36 31 29
36 156 2
36 96 8
36 157 1
44 3 83
44 39 1565
44 41 27
44 42 2197
44 120 1
44 43 45
44 12 21
44 13 5
44 70 19
45 3 444
45 56 5
45 4 2454
45 6 94
45 41 377
45 42 22
45 9 85
45 10 208
45 43 1241
45 129 6
45 13 237
45 14 1991
45 44 56
45 70 163
45 75 2
45 47 1
113 142 222
113 72 4184
113 60 4
113 112 583
113 158 2222
113 159 27
113 107 29
113 160 10044
113 73 1528
113 35 24
113 80 1
113 51 4
113 109 10
113 132 1
113 17 123
113 161 1
113 162 8
113 163 45
70 15 15
70 3 12175
70 48 5
70 50 5
70 56 1190
70 58 16328
70 4 4
70 5 3458
70 153 190
70 25 2
70 6 1264
70 59 3589
70 39 24537
70 61 13306
70 119 16
70 62 1262
70 63 8757
70 40 140598
70 41 219035
70 7 293
70 42 9987
70 64 5697
70 9 45971
70 49 87
70 65 10561
70 66 2
70 102 1
70 57 17228
70 67 157
70 120 146
70 138 1
70 43 109472
70 68 1993
70 12 64645
70 69 27168
70 16 1
70 129 565
70 13 22326
70 22 19
70 51 139
70 14 160
70 44 5879
70 45 2089
70 71 24141
70 46 7498
70 75 505
70 17 182
70 47 146079
164 92 2
165 40 3
71 61 471
71 63 9
71 41 32
71 43 951
71 68 12
71 12 13
71 70 7
46 40 3
46 41 19
46 9 4
46 43 2
46 22 39
96 25 1
96 166 1233
96 31 2
96 92 1
96 156 266
96 36 396
167 53 4
167 165 3
167 47 1
168 40 4496
168 41 35
168 9 1588
168 30 38
168 169 10430
168 43 2925
168 16 7
168 22 147
168 51 59
168 17 726
122 2 227
122 3 374
122 48 247
122 56 11918
122 4 3063
122 5 15720
122 6 480
122 39 199
122 61 237
122 40 288
122 21 16521
122 41 2076
122 7 92
122 42 393
122 8 33591
122 103 9206
122 49 631
122 30 1835
122 65 143
122 57 100
122 92 5
122 10 280
122 43 2311
122 11 1033
122 68 21
122 12 3229
122 16 51
122 129 9151
122 13 16846
122 22 337426
122 51 35976
122 14 3982
122 36 2
122 45 186
122 71 5
122 46 18
122 131 19566
122 170 43
122 75 11720
122 17 1048
122 47 224
122 171 20
172 153 1
132 127 1473
132 80 117
132 173 1617
132 118 9
75 3 1
75 56 18838
75 5 57
75 59 1
75 62 296
75 65 630
75 57 178
75 174 1
75 99 3
75 12 2165
75 129 1133
75 122 1
75 47 1
17 0 37
17 142 7
17 135 1
17 115 4
17 175 11
17 92 9
17 107 1
17 108 5000
17 1 2
17 117 31
17 151 2
47 84 20
47 25 10
47 40 398
47 41 76
47 7 1
47 64 1461
47 43 796
47 116 12
47 12 69
47 69 23
47 16 4
47 70 46
47 17 832
161 135 2
161 60 100
161 127 150
86 143 24
86 23 84
86 176 1088
86 53 177
86 155 3
86 84 186735
86 25 34
86 89 644
86 85 32
86 98 5
86 144 41
86 40 2
86 27 2
86 177 50
86 103 600
86 178 7
86 29 1528
86 31 1
86 139 8523
86 43 2
86 99 13
86 94 2
86 121 154
86 36 33
86 70 24
86 165 4
86 96 2
86 167 690
86 97 42
179 47 4
151 51 364
162 72 2
163 160 1
