8 203 7
8 807 93
8 688 19
12 250 12
12 724 21
28 826 1
32 152 1
32 380 1
32 600 432
32 840 24
32 858 5
36 96 33
36 120 2
36 344 70
36 242 24
36 360 46
36 296 3
36 458 32
36 540 11
36 554 3374
36 598 10
36 702 100
36 764 2
36 626 3
36 548 7
40 56 37
40 70 2
40 203 10
40 250 1049
40 276 8856
40 348 719
40 380 53
40 528 1001
40 616 284
40 642 11
40 643 129
40 703 11
40 705 17
40 752 40
40 756 438
40 826 77
31 112 17
31 643 28922
48 414 13
48 682 15
52 670 8
112 643 3214
56 40 688
56 112 59
56 124 189
56 344 1
56 203 1419
56 208 607
56 233 145
56 246 64
56 250 56089
56 276 85389
56 300 2153
56 348 60
56 352 6
56 372 8
56 380 2945
56 428 629
56 440 212
56 442 3078
56 528 18773
56 616 2488
56 642 42
56 643 13818
56 703 12
56 724 4220
56 752 130
56 756 1368
56 826 4688
56 840 932
70 191 105
70 688 231
70 705 8
70 756 4
76 32 380
76 380 58
76 858 38
100 28 8
100 44 2
100 84 1
100 100 167
100 196 1
100 276 1
100 300 12
100 430 1
100 470 1
100 528 1
100 591 3
100 642 1
100 643 40
100 670 1
100 703 1
124 344 3
124 156 19
124 158 46
124 250 1
124 392 443
124 840 145765
152 32 148
152 724 23
152 826 8
152 840 66
344 446 3
344 156 36
156 124 126
156 344 34028
156 446 138
156 276 12
156 360 1
156 398 209
156 417 9
156 458 620
156 643 40020
156 702 2
156 762 2
156 764 1
156 704 10761
158 344 2
170 250 377
170 591 2
170 840 6
188 124 1
188 222 23
188 250 24
188 320 5
188 340 187
188 558 230
188 840 42
384 430 12
191 70 85
191 380 3
191 705 92
196 826 48
203 56 32
203 250 7
203 276 13
203 348 1002
203 528 115
203 616 176
203 643 11
203 688 2
203 703 4606
203 724 51
208 234 187
208 276 5
208 528 315
208 578 16
208 724 20
208 752 528
218 170 341
218 840 17
818 12 43
818 40 43
818 31 62
818 48 43
818 100 23
818 250 62
818 276 8
818 368 1758
818 372 115
818 380 230
818 400 56
818 414 519
818 422 62
818 442 5
818 528 692
818 578 2
818 512 1
818 634 4
818 642 185
818 643 74
818 682 5009
818 688 22
818 703 20
818 705 109
818 760 8420
818 792 46
818 804 270
818 784 148
818 826 355
818 840 62
818 887 24
222 320 73
233 196 1
233 246 1
233 276 1
233 380 1
233 428 166
233 470 1
233 752 1
233 826 1
748 508 52
748 710 37
231 262 71
231 276 9
231 528 4
246 528 22
246 616 20
246 643 1
246 752 16
250 40 1135
250 112 138
250 56 12571
250 191 14
250 203 6763
250 208 698
250 246 20
250 266 1
250 276 42339
250 300 261
250 348 1195
250 352 3
250 372 384
250 380 15019
250 430 14
250 440 395
250 442 1459
250 504 81
250 528 4907
250 578 452
250 616 2777
250 620 269
250 642 5
250 643 2481
250 703 171
250 705 179
250 724 8944
250 752 498
250 756 6607
250 826 3536
268 643 1172
276 40 4892
276 56 25
276 203 1319
276 208 781
276 246 2475
276 250 2295
276 300 2246
276 348 34
276 372 1950
276 380 3490
276 442 118
276 528 3075
276 540 3
276 578 515
276 616 1375
276 620 46
276 642 93
276 643 37
276 703 431
276 724 15
276 752 4016
276 756 35
276 826 1401
276 840 1
300 8 1432
300 100 823
300 196 20
300 250 1
300 276 220
300 380 1
300 528 31
300 807 121
300 616 36
300 642 19
300 643 291
300 688 46
300 724 17
300 752 1
300 826 16
320 188 10
320 222 19838
320 340 683
320 558 24
328 28 2
328 50 5
328 52 30
328 124 1
340 344 17
340 188 32
340 222 36245
340 320 218
340 380 10
340 388 12
340 558 368
340 760 9
340 840 13
348 40 317
348 203 379
348 250 83
348 276 496
348 428 8
348 440 3
348 528 143
348 616 36
348 642 159
348 703 156
348 705 100
348 804 10
356 48 1
356 50 3508
356 392 14
356 414 18
356 458 1
356 462 144
356 524 700
356 586 6348
356 682 1
356 784 999
356 840 7
360 96 8
360 158 17
360 458 637
360 702 506
360 705 1
364 4 1334
364 51 285
364 31 1013
364 268 2
364 368 24629
364 398 10
364 414 8
364 586 5
364 643 1462
364 792 1
364 784 12
372 276 1
372 826 1755
376 40 1951
376 56 323
376 100 2
376 124 122
376 344 52
376 196 93
376 203 21
376 208 201
376 246 731
376 250 871
376 276 6089
376 300 248
376 348 64
376 380 80
376 442 2
376 528 10826
376 578 757
376 616 3
376 643 596
376 705 107
376 724 3
376 752 350
376 756 287
376 804 2
376 826 11949
376 840 1312
380 8 100
380 36 13
380 40 11306
380 112 87
380 56 603
380 70 310
380 124 34
380 344 3
380 191 1163
380 203 743
380 208 3218
380 250 6327
380 276 43871
380 300 520
380 348 849
380 372 273
380 392 19
380 428 24
380 422 2
380 440 77
380 442 46
380 470 17
380 528 3643
380 578 300
380 616 457
380 620 2
380 642 210
380 643 579
380 688 32
380 703 73
380 705 5310
380 724 75
380 752 264
380 756 4089
380 804 1
380 826 7237
380 840 1
400 8 36
400 48 18537
400 100 74
400 300 33
400 348 293
400 368 32925
400 376 52
400 414 34954
400 422 8664
400 512 15359
400 634 22284
400 498 170
400 642 1770
400 643 407
400 688 60
400 752 17
400 760 63490
400 784 86044
398 643 38172
404 124 3
404 250 1
404 276 1
404 450 2
404 458 1
404 826 19
417 398 37
417 643 1078
428 233 683
428 380 19
428 440 307
428 616 171
428 643 25
428 804 18
422 48 47
422 384 7
422 196 23
422 250 1
422 276 2
422 368 174
422 400 4
422 414 1430
422 512 307
422 634 123
422 682 766
422 760 18
422 784 648
422 826 3
440 112 118
440 233 233
440 428 1956
440 616 4
440 643 1601
442 56 62
442 250 149
442 276 23
442 528 15
450 174 13
458 96 113
458 360 20
458 702 19408
484 124 7719
484 192 20
484 528 1
484 840 893027
504 48 23
504 56 80
504 124 60
504 384 4
504 250 134181
504 266 2
504 276 83
504 348 11
504 380 203
504 414 2
504 430 186
504 440 566
504 478 126
504 528 548
504 616 88
504 634 4
504 643 7681
504 686 55
504 702 9
504 703 2416
504 724 11876
504 756 7524
504 784 66
504 826 619
528 4 1
528 24 310
528 36 11
528 40 6964
528 44 53
528 48 23
528 52 24
528 112 2297
528 56 16854
528 84 29
528 70 1
528 72 30
528 96 138
528 100 20
528 124 795
528 344 203
528 170 104
528 178 254
528 384 480
528 191 653
528 196 116
528 203 17477
528 180 16
528 208 12856
528 212 30
528 214 282
528 233 5176
528 246 8847
528 250 21970
528 266 132
528 270 176
528 268 11
528 276 312161
528 288 53
528 300 863
528 324 1164
528 624 73
528 328 224
528 340 31
528 348 2509
528 352 455
528 356 192
528 360 271
528 372 16187
528 380 37948
528 388 440
528 398 25
528 414 25
528 428 3264
528 430 4
528 440 5461
528 442 199
528 458 2268
528 466 1
528 470 199
528 478 480
528 566 7
528 578 13747
528 591 9
528 608 561
528 616 14675
528 620 300
528 634 24
528 410 17
528 498 48
528 642 605
528 643 19580
528 682 22
528 686 1387
528 694 272
528 702 374
528 703 1101
528 705 77
528 724 12064
528 740 83
528 752 51787
528 756 3716
528 768 60
528 780 119
528 804 121
528 784 593
528 826 161127
528 840 7200
554 36 3314
554 344 19
554 158 1
554 184 23
554 242 109
554 258 20
554 392 359
554 540 17
554 570 1
554 882 11
554 702 29
554 776 2
554 840 8
554 548 7
558 222 2981
558 320 23
558 340 3
562 204 56
562 566 40
807 8 351
807 40 2
807 112 535
807 70 3383
807 100 181
807 191 3038
807 203 72
807 208 6
807 250 2
807 276 80
807 300 4504
807 380 80
807 404 2
807 428 79
807 616 32
807 642 420
807 643 137
807 688 21839
807 703 36
807 705 1801
807 752 8
807 756 5
578 276 9
578 528 18
512 414 139
512 634 21
512 724 3
512 760 4
512 784 2988
586 4 222
586 634 1
586 826 2
604 591 1
616 40 4301
616 112 614
616 56 233
616 70 3
616 100 196
616 196 11
616 203 11667
616 208 56
616 233 720
616 246 533
616 250 1187
616 276 2395
616 300 184
616 348 368
616 380 36
616 428 1891
616 440 871
616 528 1140
616 578 33
616 498 35
616 642 2539
616 643 9587
616 703 1129
616 705 137
616 724 1709
616 752 2439
616 756 107
616 804 92
616 826 21661
616 840 40
620 132 30
620 250 103
620 380 8
620 442 5
620 705 8
620 724 49876
620 756 16
620 826 1736
634 682 14
410 344 1
410 392 2934
498 112 2663
498 642 775
498 643 18
498 804 140
642 28 1
642 344 1
642 196 1
642 203 19
642 380 1
642 470 1
642 578 1
642 498 34
642 643 266
642 724 37
643 233 4
643 398 1
659 36 1
659 840 1
686 56 9
686 156 8
686 250 5678
686 380 89
686 430 19
686 478 4
686 528 12
686 826 621
702 96 67
702 356 1
702 360 49
702 458 110
702 690 60
703 40 170
703 191 1
703 203 3089
703 276 31
703 348 25
703 616 192
703 724 3
703 804 32
705 40 21
705 70 127
705 191 8
705 276 241
705 348 27
705 380 141
705 528 56
705 688 65
705 826 11
710 24 140
710 178 1
710 384 1
710 180 35
710 250 2
710 266 11
710 288 9
710 508 55
710 690 25
710 826 1
710 894 1
724 40 10072
724 112 1712
724 56 17972
724 70 76
724 132 6
724 124 331
724 191 697
724 203 25374
724 208 4128
724 233 1292
724 246 6777
724 250 147733
724 276 198893
724 300 329
724 348 6563
724 352 21
724 372 2780
724 380 38998
724 428 4282
724 430 305
724 440 6124
724 442 59
724 478 30
724 504 5
724 528 170609
724 578 3318
724 616 29841
724 620 22423
724 498 53
724 642 143
724 643 8261
724 688 60
724 703 7528
724 705 495
724 724 112
724 752 15541
724 756 6502
724 804 56
724 826 183845
724 840 506
144 462 2
752 208 468
752 246 251
752 348 16
752 528 160
752 578 202
756 40 4
756 380 36
756 528 1
764 56 4
764 234 2
764 250 12
764 392 20
764 458 982
764 470 2
764 702 1914
780 28 18
780 52 452
780 670 23
788 4 2
788 124 46
788 250 1944
788 380 513
788 434 32
788 528 1
788 578 6
788 826 218
792 8 3201
792 40 4450
792 112 6065
792 70 10063
792 100 3372
792 196 388
792 203 1653
792 208 228
792 233 75
792 250 4540
792 268 4055
792 276 7002
792 300 5398
792 348 4708
792 368 788
792 380 490
792 398 9343
792 414 1324
792 428 2226
792 440 842
792 508 13
792 528 2831
792 807 4374
792 578 38
792 616 2829
792 498 10818
792 642 28070
792 643 105250
792 682 22964
792 703 221
792 724 76
792 752 139
792 756 212
792 804 794
792 784 71
792 826 783
804 112 2962
804 233 33
804 428 425
804 643 419
784 204 4
784 174 16
784 262 1
784 364 5
784 414 2135
784 512 53
784 634 328
784 682 4
784 686 6
784 706 4
826 48 12
826 56 18
826 246 296
826 250 90
826 276 25
826 372 3097
826 528 598
826 752 6
826 784 377
834 174 11
834 180 8
834 404 584
834 646 50
840 28 50
840 44 887
840 52 87
840 56 172
840 124 169704
840 158 18
840 188 23
840 250 74
840 276 1
840 356 1
840 388 24
840 392 1936
840 484 14338
840 528 304
840 410 118
840 659 1
840 662 3
840 670 2
840 702 6
840 780 209
858 76 63
862 44 861
862 170 247
862 250 10
862 780 2
887 262 28
887 232 34
887 392 4
887 682 2739
887 706 8
716 508 1
