4 364 1750
4 398 1208
4 586 3454
4 762 561
4 795 19067
4 860 30
8 100 2
8 807 5
8 792 1
32 68 355
32 76 14399
32 152 700
32 320 66
32 600 12423
32 858 1528
32 862 300
51 364 34
51 368 1889
51 643 210
51 795 238
36 36 58
36 48 25
36 50 52
36 96 182
36 344 901
36 158 264
36 242 15
36 360 11237
36 296 35
36 458 3692
36 462 39
36 480 2102
36 520 6
36 540 61
36 554 5
36 598 126
36 608 1701
36 634 36
36 410 7481
36 643 9
36 682 1
36 702 3650
36 764 2952
36 626 38
36 784 1083
36 704 826
40 56 93
40 70 71
40 100 5732
40 191 1579
40 203 9245
40 818 116
40 250 186
40 276 18447
40 300 1471
40 348 3316
40 380 2291
40 428 2
40 528 302
40 616 27
40 642 26459
40 643 141
40 703 10494
40 705 2373
40 756 1566
40 788 75
40 784 8
40 826 73
31 112 119
31 268 11
31 398 557
31 643 63212
31 792 79
48 682 20
48 784 56
52 662 3
112 31 629
112 498 356
112 643 45960
112 804 4194
56 8 362
56 12 2123
56 24 155
56 40 111
56 50 325
56 52 108
56 112 120
56 204 168
56 70 431
56 76 157
56 100 1856
56 854 28
56 384 110
56 191 808
56 192 100
56 196 1174
56 203 1553
56 180 10
56 208 3778
56 818 3492
56 226 13
56 250 184767
56 276 20774
56 300 1958
56 324 1
56 348 7498
56 368 333
56 372 16
56 376 352
56 380 6724
56 428 109
56 422 6076
56 440 777
56 442 5666
56 466 25
56 470 718
56 504 576
56 528 420299
56 578 3338
56 586 51
56 616 9109
56 620 4828
56 634 2
56 498 304
56 642 11345
56 643 35142
56 682 1593
56 686 3723
56 688 191
56 690 532
56 702 318
56 703 1458
56 705 623
56 724 19608
56 752 128
56 760 25
56 788 628
56 804 505
56 826 17262
56 862 450
56 887 50
64 356 18737
64 524 8
68 76 4
68 600 4
70 8 24
70 191 4151
70 499 343
70 807 126
70 578 358
70 688 1069
72 516 5
72 710 10
72 716 2
76 858 620
100 300 23
100 428 6
100 470 26
100 616 3
100 642 558
100 643 1
854 204 94
120 178 1
120 226 15
120 266 68
124 44 1784
124 48 3
124 52 3085
124 76 1176
124 854 2
124 344 648
124 188 2285
124 192 11909
124 214 3487
124 250 14
124 308 52
124 320 1326
124 328 498
124 340 259
124 360 12595
124 388 786
124 422 232
124 484 3209
124 496 15
124 499 106
124 558 1369
124 591 91
124 620 156
124 643 2595
124 659 13
124 662 833
124 670 18
124 764 11514
124 780 9342
124 840 416100
124 858 1678
124 862 6033
124 704 398
152 32 336
152 76 1328
152 320 69
152 340 25
344 446 22
344 458 35
344 702 58
344 704 56
156 48 615
156 96 1615
156 124 25
156 344 17126
156 446 5318
156 178 24
156 408 25
156 180 58
156 818 6
156 276 12
156 328 83
156 360 1058
156 392 44
156 398 212
156 414 755
156 418 285
156 458 85497
156 496 14901
156 524 85
156 562 630
156 512 1526
156 608 2499
156 634 313
156 643 35454
156 682 1655
156 690 56
156 702 13444
156 144 4198
156 764 13031
156 626 122
156 768 56
156 792 1
156 784 8117
156 704 49827
158 344 17
158 156 46
158 702 319
170 392 20
170 591 17
170 840 1
188 170 3
188 340 229
188 558 250
188 840 8
384 204 20
384 288 30
384 466 1667
384 562 68
384 768 158
191 70 729
191 807 190
191 578 22
191 643 62
191 688 265
196 40 455
196 56 4794
196 191 437
196 203 44
196 208 46
196 250 22
196 276 9665
196 300 19088
196 372 933
196 380 5149
196 470 411
196 528 3659
196 578 337
196 616 1370
196 705 93
196 724 50
196 752 761
196 756 64
196 826 10810
203 40 4041
203 70 46
203 100 1401
203 250 60
203 276 5276
203 348 3833
203 380 25
203 528 8
203 616 4361
203 498 1089
203 642 3911
203 643 20
203 688 126
203 703 24738
208 12 13032
208 56 469
208 70 166
208 100 34
208 196 268
208 203 869
208 818 10244
208 233 57
208 234 2196
208 246 2895
208 250 58
208 276 5960
208 300 1689
208 352 1052
208 368 259
208 372 1910
208 380 3689
208 400 1652
208 428 369
208 422 4879
208 440 1886
208 470 26
208 496 10
208 504 175
208 528 10875
208 578 18712
208 616 6380
208 620 6064
208 498 1
208 643 3174
208 682 1367
208 688 420
208 724 3661
208 752 62160
208 756 24
208 760 666
208 788 200
208 826 2287
208 840 4
218 840 91
218 862 4720
233 246 3
233 440 10
233 578 3
233 643 4079
231 262 12582
231 706 7513
231 729 925
242 36 2
242 798 17
246 233 1853
246 578 1817
246 643 44445
246 752 7786
246 792 50
250 8 238
250 12 6167
250 24 50
250 40 1449
250 50 201
250 112 21
250 56 346749
250 204 22
250 70 211
250 76 47
250 100 7726
250 854 175
250 120 63
250 344 1207
250 174 61
250 178 63
250 384 499
250 191 114
250 196 1435
250 203 50555
250 208 6183
250 262 4
250 818 15405
250 226 31
250 246 7
250 250 43
250 266 152
250 276 141321
250 300 26446
250 324 15
250 624 24
250 348 37265
250 352 53
250 360 25
250 368 1550
250 372 2748
250 376 1873
250 380 398641
250 400 2525
250 414 1862
250 428 58
250 422 1632
250 430 6
250 434 200
250 440 1044
250 442 5585
250 450 5
250 458 1560
250 466 1002
250 470 375
250 480 15
250 504 4766
250 508 300
250 528 120386
250 540 10
250 562 271
250 578 389
250 512 3826
250 586 187
250 616 46639
250 620 219745
250 498 635
250 642 16892
250 643 14213
250 682 4988
250 686 666
250 702 8
250 703 14540
250 705 2739
250 724 694211
250 144 37
250 729 2730
250 752 1360
250 756 5267
250 760 213
250 788 13403
250 792 3058
250 784 784
250 826 80739
250 840 4
250 858 711
268 31 7396
268 804 140
276 8 147
276 12 300
276 51 46
276 40 55806
276 50 116
276 112 1749
276 56 173632
276 70 512
276 76 294
276 100 12983
276 124 13
276 344 230
276 191 2801
276 196 2979
276 203 66329
276 208 36985
276 214 757
276 818 11871
276 233 344
276 246 149
276 250 3835
276 268 145
276 300 5304
276 348 6990
276 352 25
276 364 20
276 376 4369
276 380 75402
276 398 529
276 414 1300
276 417 195
276 428 325
276 422 125
276 440 780
276 442 146
276 458 604
276 466 25
276 480 13
276 504 224
276 528 908646
276 578 575
276 512 291
276 591 76
276 608 5286
276 616 65751
276 620 5703
276 498 3938
276 642 43309
276 643 34273
276 682 2253
276 688 1799
276 703 9221
276 705 2005
276 724 5297
276 144 25
276 752 4422
276 756 1718
276 760 50
276 762 19
276 764 529
276 788 68
276 792 4600
276 804 1659
276 784 274
276 826 22228
276 704 87
300 8 1430
300 40 326
300 112 83
300 56 70
300 70 34
300 100 3916
300 191 58
300 196 1515
300 203 2590
300 208 46
300 250 630
300 276 25
300 348 93
300 380 47
300 440 65
300 584 2
300 499 13
300 528 25
300 807 51
300 616 6949
300 642 4657
300 688 43
300 703 864
300 705 491
300 724 49
300 826 281
320 222 33857
320 320 9
320 340 20
320 840 2
348 40 1326
348 70 149
348 191 3
348 233 14
348 276 77
348 300 142
348 380 955
348 428 13
348 440 18
348 616 339
348 642 1223
348 688 53
348 703 102
348 792 1
348 804 80
356 48 89
356 50 5585
356 76 56
356 96 284
356 344 12
356 156 57
356 203 80
356 250 1
356 270 3
356 276 115
356 414 35
356 458 7922
356 462 4864
356 480 4673
356 524 108059
356 554 10
356 512 242
356 586 333
356 634 28
356 410 3
356 643 312
356 682 188
356 690 726
356 702 1820
356 144 34821
356 784 3232
356 826 9
356 704 306
360 28 23
360 392 48
360 458 2024
360 620 5
360 702 4397
360 710 1
360 626 370
360 840 2
364 4 8365
364 51 294
364 31 93336
364 48 9
364 268 5
364 368 101093
364 398 1710
364 414 80
364 586 24
364 643 11038
364 762 307
364 788 24
364 795 43506
364 784 3182
372 643 7403
372 826 1734
376 40 1623
376 56 23575
376 344 28
376 196 210
376 203 310
376 208 185
376 246 3
376 250 20735
376 276 19505
376 300 88
376 372 805
376 380 13063
376 528 25560
376 578 10573
376 616 215
376 620 80
376 643 11148
376 688 78
376 705 4020
376 724 10113
376 752 640
376 756 5980
376 804 108
376 826 58000
380 8 3975
380 40 3748
380 112 409
380 56 5838
380 70 23
380 100 4
380 191 961
380 196 304
380 203 4221
380 208 1591
380 262 11
380 818 143
380 233 385
380 246 255
380 250 10764
380 276 90287
380 300 821
380 348 1212
380 372 2028
380 428 375
380 440 917
380 442 3
380 458 1
380 470 1393
380 499 72
380 528 9516
380 578 7
380 616 11851
380 620 68
380 642 2777
380 688 112
380 703 1266
380 705 4471
380 724 2940
380 752 909
380 756 1094
380 784 10
380 826 3338
392 344 5
392 702 3
400 48 93
400 368 358
400 414 264
400 422 259
400 512 15
400 634 125
400 760 5987
400 784 189
404 174 2
404 646 1
404 706 398
404 729 101
404 800 150
404 834 148
417 31 835
417 398 62361
417 643 11868
417 795 765
417 860 1
428 196 129
428 233 2577
428 246 97
428 398 1011
428 440 746
428 643 2263
428 752 1214
422 48 1982
422 384 58
422 818 28
422 368 907
422 400 10221
422 414 24488
422 512 5297
422 634 4019
422 643 3031
422 682 23937
422 760 15313
422 784 19669
440 31 285
440 112 501
440 233 2
440 352 1
440 372 67
440 428 558
440 616 67
440 643 16557
440 804 200
440 826 72
442 56 2351
442 250 586
442 276 74
442 620 1
442 642 7
450 174 1
454 894 662
458 360 384
458 608 6
458 702 1077
458 764 442
458 704 49
470 528 791
470 724 104
470 826 24
484 84 1356
484 222 49
484 340 29
484 840 61
499 8 42
499 70 23
499 688 134
504 56 228
504 208 72
504 250 9596
504 276 1
504 466 2
504 478 793
504 528 8110
504 620 947
504 643 306
504 686 76
504 724 3346
504 784 13
524 840 10
528 4 21
528 8 1436
528 12 91641
528 24 805
528 28 386
528 32 199
528 51 796
528 40 4546
528 48 34
528 50 4989
528 52 4288
528 112 1944
528 56 254776
528 204 1011
528 70 5598
528 76 2914
528 96 237
528 100 2888
528 854 927
528 132 5176
528 152 1
528 156 28
528 158 6
528 178 870
528 384 27165
528 191 5981
528 192 15247
528 196 6324
528 203 15207
528 180 101
528 208 9707
528 212 398
528 214 701
528 818 72276
528 226 14
528 233 234
528 234 21
528 246 7606
528 250 40077
528 266 166
528 270 4137
528 268 225
528 276 281062
528 288 887
528 300 20527
528 308 812
528 324 528
528 624 776
528 328 9134
528 332 238
528 340 1261
528 348 10251
528 352 801
528 364 619
528 368 12985
528 372 1306
528 376 32572
528 380 75825
528 388 5064
528 392 1
528 400 2997
528 398 445
528 404 6
528 414 1858
528 417 51
528 428 663
528 422 24280
528 430 1363
528 434 2571
528 440 969
528 442 215
528 458 1069
528 466 4178
528 470 2659
528 478 30455
528 480 525
528 499 921
528 504 26452
528 508 220
528 558 1632
528 562 144
528 566 134
528 807 1004
528 578 5192
528 512 1392
528 586 5069
528 591 52
528 608 24
528 616 73294
528 620 26521
528 410 48
528 498 2872
528 642 14615
528 643 278220
528 659 380
528 662 460
528 670 463
528 678 107
528 682 24330
528 686 74920
528 688 3763
528 690 428
528 694 961
528 702 553
528 703 7662
528 705 3460
528 710 1
528 724 47159
528 144 851
528 729 7746
528 740 7786
528 752 10437
528 756 5693
528 760 10892
528 762 352
528 764 518
528 768 3412
528 780 19697
528 788 7338
528 792 13495
528 804 5807
528 784 562
528 826 41839
528 840 560
528 858 90
528 860 11177
528 862 667
528 704 50
528 887 1944
528 894 146
554 36 20
554 344 1
554 158 29
554 184 334
554 242 18995
554 250 1
554 258 2481
554 360 1266
554 296 19
554 458 1476
554 540 1415
554 570 15
554 598 27
554 608 2357
554 882 988
554 702 827
554 90 52
554 764 97
554 776 226
554 798 25
554 784 14
554 826 9
554 840 15
554 548 465
558 340 21
807 8 121
807 112 202
807 70 172
807 191 654
807 348 18
807 499 12
807 498 18
807 642 3
807 643 140
807 688 1366
578 208 34
578 250 26
578 276 2
578 528 2
578 807 4
578 752 1
578 826 157
512 356 28
512 634 34
512 682 35
512 784 300
586 4 126192
586 36 6
586 48 195
586 156 56
586 364 10572
586 458 18686
586 462 20
586 104 4
586 634 48
586 643 892
586 702 2155
586 144 86081
586 764 204
586 826 7
604 76 2
604 152 11
604 380 1
604 724 1
616 40 21
616 31 743
616 44 1
616 112 11442
616 56 23
616 70 21
616 100 83
616 191 23
616 203 1711
616 233 110
616 246 42
616 276 1083
616 300 3
616 348 180
616 372 173
616 380 303
616 398 50
616 428 57
616 440 548
616 528 14
616 578 1
616 620 481
616 498 14140
616 642 1599
616 643 8633
616 688 231
616 703 923
616 804 489
616 826 58
620 24 424
620 56 1020
620 132 2582
620 226 2
620 250 1370
620 276 14270
620 624 113
620 442 208
620 508 5
620 528 5638
620 678 146
620 724 7191
620 756 186
620 826 34
410 704 425
498 112 143
498 642 23
498 643 16122
498 804 21
642 100 39
642 203 1131
642 276 19
642 300 96
642 348 869
642 470 1
642 616 343
642 498 16970
642 703 785
643 31 23493
643 246 22
643 250 20
643 392 28
643 398 41249
643 417 461
643 496 559
643 498 51
643 762 2505
643 795 84
643 804 681
643 860 811
646 108 135
646 180 11
646 643 1
646 834 588
670 780 21
686 478 40
688 8 36
688 112 37
688 70 5543
688 191 286
688 807 5192
688 498 23
688 643 305
702 50 1
702 96 171
702 360 1156
702 458 5018
702 104 5
702 690 1
702 764 1
703 40 11
703 100 30
703 191 23
703 203 12940
703 250 30
703 348 2055
703 528 24
703 616 507
703 642 844
703 688 22
703 705 40
705 40 1698
705 70 370
705 100 1160
705 191 817
705 203 196
705 250 39
705 276 4137
705 300 34
705 348 1
705 380 630
705 398 6
705 499 17
705 528 1237
705 807 6
705 616 311
705 642 70
705 688 294
705 703 181
710 24 7466
710 344 1
710 178 350
710 180 529
710 266 2
710 288 2
710 454 257
710 508 21191
710 566 17
710 578 28
710 598 14
710 690 1
710 702 9
710 800 3
710 894 2533
710 716 9265
724 112 61
724 56 7437
724 70 18
724 100 180
724 854 25
724 132 58
724 384 28
724 191 481
724 203 2322
724 208 5582
724 226 34
724 233 32
724 246 588
724 250 6039
724 276 28265
724 300 148
724 348 9
724 372 1290
724 380 3962
724 428 14
724 430 48
724 440 152
724 504 321
724 528 14225
724 578 1124
724 616 6606
724 620 138282
724 634 25
724 642 66
724 643 72
724 686 25
724 703 312
724 705 450
724 724 1765
724 752 49
724 756 719
724 784 18
724 826 19145
144 356 83
740 250 22
740 328 157
752 208 12
752 246 1725
752 578 1765
752 643 43
752 682 156
752 724 418
756 56 42
756 100 1
756 208 2
756 250 108
756 276 177
756 380 23
756 688 147
760 48 338
760 368 78189
760 400 24243
760 414 3564
760 512 541
760 634 1024
760 682 1676
760 792 212
760 784 2336
764 116 2
764 344 48
764 360 1000
764 418 3
764 458 24
764 702 25
764 826 75
764 704 650
780 308 70
780 670 62
780 826 26
780 840 1
788 40 47
788 56 50
788 384 275
788 208 94
788 250 580
788 276 4248
788 380 3945
788 434 10
788 466 152
788 528 25
788 616 28
788 724 233
788 756 370
788 826 25
792 31 7564
792 48 270
792 100 190
792 196 1008
792 268 253
792 276 3730
792 300 38
792 368 61161
792 414 702
792 807 1
792 512 3024
792 643 5214
792 682 576
792 784 1132
800 826 2
804 112 1040
804 84 1
804 116 4
804 174 1
804 196 1
804 276 1
804 300 1
804 372 1
804 398 21
804 430 1
804 470 2
804 584 1
804 554 1
804 578 1
804 591 5
804 498 21
804 643 1506
804 659 5
804 670 1
804 702 2
804 792 1
826 4 726
826 40 115
826 52 618
826 56 7851
826 76 775
826 100 177
826 124 1
826 344 25
826 191 22
826 196 724
826 203 3662
826 208 10580
826 212 31
826 818 33169
826 233 6928
826 234 151
826 246 24
826 250 3594
826 276 8576
826 288 17
826 300 1867
826 308 101
826 348 103
826 352 1237
826 360 1030
826 364 74
826 372 94422
826 380 1389
826 400 350
826 422 101
826 470 382
826 504 10192
826 528 25070
826 566 5
826 578 3553
826 586 26
826 616 17365
826 620 4140
826 642 10
826 643 5977
826 659 20
826 670 18
826 682 1669
826 694 2
826 703 119
826 705 765
826 724 79367
826 752 5263
826 756 72
826 764 2174
826 792 1754
826 804 58
826 784 2
826 840 17
834 356 120
834 404 1000
834 646 110
840 28 146
840 44 930
840 52 317
840 112 5
840 84 271
840 76 239
840 124 229129
840 152 17
840 344 3724
840 158 8089
840 170 495
840 188 1080
840 384 18
840 212 95
840 214 2072
840 818 37
840 222 878
840 226 13
840 276 6
840 308 20
840 320 1877
840 332 75
840 340 933
840 356 55
840 360 511
840 388 323
840 392 2513
840 458 9765
840 484 84967
840 528 1773
840 554 20
840 558 1882
840 591 891
840 608 5085
840 634 65
840 410 18535
840 643 1333
840 662 171
840 670 35
840 694 326
840 702 5933
840 710 8
840 724 19
840 144 66
840 756 12
840 764 18
840 780 247
840 784 42
840 826 9
840 858 413
840 704 209
858 76 83
894 72 4
894 180 8
894 716 24
716 508 1
716 710 62
716 894 30
