0 1 251
0 2 409
3 4 1
3 5 25
6 7 100
6 8 184
6 9 1670
6 10 3289
6 11 21211
6 12 3629
13 14 2771
13 15 1008
16 17 240
16 18 1048
16 19 1149
16 20 51
16 21 3
16 22 1406
16 23 20
16 24 2
16 25 6
16 26 1662
16 27 2
16 28 1095
16 29 25
16 30 44
16 31 98
16 32 99
16 4 109
16 33 12302
16 34 12
16 35 1620
16 36 36
16 37 125
16 38 15
16 39 2218
16 40 5
16 41 358
42 0 188
42 43 1229
42 44 1195
42 45 355
42 46 3453
42 47 246
42 48 51
42 49 9746
42 50 2322
42 51 2330
42 52 56
42 53 2315
42 25 3
42 1 544
42 54 28
42 55 460
42 56 2576
42 2 1554
42 57 3318
42 58 2169
42 5 22
42 59 604
42 60 254
42 61 2
62 63 20
62 15 36608
64 24 48
64 65 80
64 34 1
66 64 27
66 67 20
66 18 1410
66 22 354
66 26 28895
66 29 293
66 65 54
66 4 56
66 15 14368
66 34 372
66 68 137
66 35 9420
66 69 5882
66 39 2530
66 41 322
70 62 1777
70 48 20
70 14 821
70 63 1119
70 71 60
70 72 22309
70 15 271394
70 2 1800
70 73 1551
74 7 185
74 42 5678
74 62 3425
74 64 758
74 66 325
74 75 262
74 43 1508
74 9 109
74 17 114
74 44 566
74 76 87
74 77 4
74 78 6
74 79 2566
74 45 295
74 80 477
74 46 893
74 81 128
74 82 975
74 47 2759
74 83 50
74 48 234759
74 14 1033
74 49 39445
74 84 252
74 50 2014
74 51 1069
74 52 230
74 85 173
74 86 3371
74 53 3518
74 87 250
74 24 879
74 88 187
74 25 6388
74 89 200
74 90 48
74 91 5184
74 26 207
74 27 55
74 92 333
74 93 60
74 94 457
74 1 37
74 95 711
74 54 569781
74 96 92
74 97 138
74 65 460
74 98 436
74 55 8883
74 99 3421
74 4 426
74 72 56
74 56 1474
74 15 2
74 34 1394
74 68 2257
74 2 2478
74 35 162
74 57 197
74 58 395
74 100 26
74 5 18709
74 101 552
74 102 340
74 103 1065
74 104 344
74 60 3029
74 39 5206
74 61 11848
8 9 6
43 45 176
43 1 568
43 105 382
43 2 1676
43 58 71
106 107 32
9 108 1
9 109 1
9 12 10723
17 26 5
44 13 64
44 14 48
44 50 1407
44 56 22
76 97 44
110 111 1
77 112 9
113 114 676
113 115 3224
113 9 26
113 76 2
113 116 957
113 117 3792
113 108 1196
113 48 15
113 109 3522
113 22 11480
113 118 1095
113 26 55
113 96 63
113 119 526
113 120 1342
113 35 1
113 37 10640
113 121 14185
113 60 162
113 122 400241
113 12 2065
113 123 3700
10 9 550
10 109 192
10 12 247
18 124 50
18 122 448
125 64 971
125 75 25
125 17 2646
125 67 28
125 18 51210
125 124 3416
125 78 19
125 126 696
125 81 230
125 47 5
125 22 424
125 127 136
125 63 65
125 24 169
125 26 121892
125 128 14534
125 54 9
125 65 141
125 98 1
125 129 315
125 4 502
125 15 64319
125 34 843
125 35 15874
125 69 15640
125 130 26
125 37 16045
125 38 2468
125 60 3
125 39 7278
125 41 78317
19 18 1
19 35 1
131 119 39
131 122 2
79 76 15
79 92 13
79 97 35
79 68 7
45 0 92
45 43 2326
45 51 7
45 53 29
45 1 1535
45 132 754
45 2 2584
45 57 396
45 58 2230
80 42 536
80 64 52
80 74 3752
80 45 1413
80 82 168
80 49 9266
80 50 24667
80 85 2024
80 53 1575
80 24 24
80 54 1320
80 105 920
80 55 3935
80 4 1269
80 58 44
80 5 281
80 101 470
80 59 53
80 39 2172
80 61 14571
46 42 6874
46 70 20
46 44 835
46 48 7
46 49 979
46 50 5
46 51 186
46 55 4457
46 56 69
46 2 22
46 57 25569
46 60 40
46 73 42
82 0 24
82 3 7400
82 7 55
82 42 3
82 74 1
82 43 591
82 80 406
82 46 1554
82 47 10604
82 83 55
82 133 1524
82 134 1356
82 48 650
82 49 4752
82 50 545
82 135 964
82 53 30879
82 87 1026
82 88 174
82 25 1624
82 90 854
82 128 24
82 95 2449
82 54 14662
82 31 1
82 105 19573
82 55 1298
82 99 2437
82 56 1
82 34 590
82 2 111
82 5 5000
82 101 46922
82 102 605
82 60 921
82 61 2245
136 39 1
136 122 285
47 0 324
47 64 3325
47 70 513
47 43 1414
47 18 358
47 78 1
47 45 6952
47 82 214
47 14 1868
47 49 16019
47 50 55934
47 22 5968
47 53 63039
47 87 6
47 24 27222
47 25 39094
47 26 1768
47 28 1
47 54 288
47 132 4
47 105 1
47 65 12988
47 55 221
47 4 13658
47 56 1934
47 15 274578
47 34 4097
47 2 139
47 58 175
47 137 26
47 59 838
47 104 7187
47 73 82
47 39 47246
47 61 6532
47 138 46
139 116 1
139 119 1
139 122 6
83 46 388
83 134 329
83 105 33
83 72 110
83 15 1
83 101 189
140 141 1
140 100 3
142 143 15378
142 144 111711
142 137 41
20 30 2
20 145 11
134 146 65
134 62 271
134 83 905
134 48 22
134 14 21
134 88 350
134 90 2
134 105 1195
134 15 1957
134 101 3403
134 60 23
48 146 45
48 0 405
48 3 16849
48 7 375
48 42 1033
48 62 108
48 114 23
48 64 1540
48 66 75
48 115 133
48 70 425
48 74 321130
48 75 230
48 43 190
48 44 16300
48 76 442
48 147 84
48 77 105
48 10 66
48 18 742
48 148 78
48 78 41
48 79 6488
48 45 3227
48 80 664
48 46 32004
48 82 10054
48 143 7
48 47 15869
48 149 15
48 83 22
48 20 278
48 134 268
48 21 29
48 112 344
48 14 55
48 49 88834
48 50 44269
48 150 418
48 151 207
48 51 29526
48 135 584
48 22 300
48 152 40
48 52 2410
48 85 5107
48 86 12708
48 53 370327
48 118 172
48 87 6248
48 24 3012
48 88 28
48 25 2005
48 89 4239
48 90 186
48 91 4672
48 26 793
48 27 25
48 92 3251
48 93 1235
48 94 17
48 28 50
48 128 5
48 1 1191
48 95 2206
48 141 25
48 54 79472
48 31 1
48 96 22
48 97 1377
48 153 525
48 132 42
48 105 263
48 65 6785
48 98 104
48 32 2
48 55 13689
48 99 125518
48 4 2258
48 56 28146
48 15 40
48 34 3982
48 68 5798
48 2 2852
48 154 78
48 35 324
48 57 15508
48 58 3249
48 5 519796
48 69 126
48 137 50
48 101 4436
48 59 16379
48 103 155
48 121 12
48 104 14950
48 60 7571
48 73 20
48 39 10308
48 61 70548
48 122 95
48 12 754
48 155 1
14 13 177
14 62 889
14 70 124
14 63 245
14 15 21
49 146 110
49 0 216
49 3 2170
49 7 325
49 13 743
49 42 80666
49 62 9331
49 64 319
49 66 50
49 115 6
49 70 3792
49 74 182927
49 43 10202
49 9 112
49 44 24322
49 113 5
49 18 842
49 45 4498
49 80 968
49 46 126562
49 82 59429
49 108 545
49 47 5343
49 83 186
49 134 855
49 48 3835
49 14 1397
49 50 11125
49 51 10657
49 135 74
49 156 1075
49 22 13595
49 152 5
49 52 616
49 86 2977
49 53 108317
49 87 100
49 63 1345
49 24 7748
49 71 323
49 88 899
49 25 18
49 90 487
49 91 865
49 26 7026
49 128 75
49 1 1579
49 95 345
49 54 795434
49 132 88
49 105 45
49 65 4158
49 98 2528
49 119 250
49 129 7628
49 55 81425
49 99 5600
49 72 2053
49 56 18755
49 15 9056
49 34 8740
49 2 4860
49 35 11
49 57 16071
49 58 4118
49 5 3845
49 101 4107
49 59 9110
49 102 215
49 130 20
49 37 5021
49 60 5146
49 73 473
49 39 4376
49 61 8493
49 157 13
49 122 60
49 12 75
49 41 1946
49 138 25
49 158 150
84 76 26
84 103 174
50 0 968
50 42 4
50 43 193
50 44 2387
50 45 130
50 80 3974
50 46 588
50 48 4
50 49 172
50 53 4
50 87 48
50 88 64
50 90 21
50 54 258
50 159 5
50 132 35
50 55 6961
50 56 2460
50 2 253
50 57 310
50 58 42
50 5 121
50 122 28
109 139 78073
109 96 1
151 139 8
151 122 479
51 146 23
51 42 808
51 45 428
51 46 409
51 83 8
51 72 22
51 56 204
51 2 222
51 57 839
51 58 1
51 60 8
156 64 557
156 66 65
156 75 56
156 113 1
156 18 1412
156 47 9
156 48 28
156 24 7663
156 26 3531
156 27 3636
156 92 2
156 28 9072
156 160 118748
156 65 9007
156 4 786
156 15 4156
156 68 814
156 154 1302
156 35 184
156 69 38829
156 37 2
156 39 7753
156 61 20
156 122 22
22 16 6
22 26 1372
22 159 6
22 35 4080
22 38 19
85 34 100
85 39 114
85 61 3006
85 122 19
86 7 62
86 42 212
86 74 5763
86 113 38
86 80 609
86 82 274
86 48 18297
86 14 50
86 49 11329
86 85 2305
86 53 2823
86 87 4012
86 88 21
86 54 43269
86 105 10237
86 55 32
86 72 62
86 15 47310
86 58 5001
86 5 11559
86 101 1248
86 59 15565
86 73 197
86 61 65748
53 0 313
53 42 2857
53 74 4286
53 43 148
53 44 720
53 147 1
53 18 3
53 45 3632
53 80 27
53 46 862
53 82 3085
53 83 130
53 134 147
53 48 9026
53 49 51351
53 50 821
53 51 65
53 85 1157
53 88 46
53 25 1
53 90 266
53 91 1
53 26 5
53 93 639
53 128 3
53 1 1002
53 54 3786
53 55 4764
53 99 43
53 56 6706
53 2 198
53 57 742
53 58 2352
53 5 1056
53 101 1179
53 59 893
53 104 552
53 61 2190
127 18 22
127 35 6
87 64 859
87 52 377
87 86 411
87 24 1794
87 25 31
87 54 17
87 65 949
87 4 1133
87 34 2392
87 102 48
87 60 19
87 39 1318
63 62 56
63 71 258
63 128 8
63 15 2123
63 161 626
63 155 247
24 64 120
24 47 61
24 152 3
24 52 9145
24 87 37
24 65 115
24 4 60
24 39 108
71 63 19850
71 15 100
71 130 38
88 46 997
88 83 972
88 51 79
88 85 1
88 90 230
88 55 67
88 61 1
25 64 4690
25 47 220
25 50 65
25 52 349
25 87 26178
25 162 4
25 24 27746
25 95 58
25 65 10619
25 4 7813
25 15 4978
25 34 19119
25 102 5883
25 60 110
25 39 33040
89 104 10666
90 62 2111
90 70 916
90 46 255
90 83 53
90 14 551
90 85 1
90 53 9
90 63 459
90 71 20
90 88 1514
90 55 254
90 72 474
90 56 998
90 15 84
90 2 110
90 57 654
90 5 22
90 61 225
91 62 3
91 74 4258
91 48 604
91 49 70
91 54 153
91 99 10
163 148 15
163 48 27
164 156 6
164 100 11
26 17 121
26 22 64
26 129 109
26 35 1269
26 37 1838
92 76 30
92 78 7
92 79 80
92 150 6
93 54 1832
93 101 83
165 166 1623
165 122 9
1 43 13
1 2 88
95 74 53
95 76 3081
95 78 15
95 79 248
95 149 7
95 48 155
95 24 30
95 92 6730
95 94 5539
95 54 4629
95 97 1177
95 105 134
95 99 213
95 15 1593
95 68 4635
95 5 645
95 103 32
95 39 60
95 61 6
107 7 1226
160 156 355
54 146 10
54 0 2010
54 3 130918
54 7 1951
54 167 283
54 13 1937
54 42 6107
54 62 24970
54 114 152
54 64 171
54 66 5107
54 115 6782
54 70 3843
54 74 210257
54 75 2192
54 43 10284
54 106 50
54 9 3471
54 17 220
54 44 2640
54 76 6894
54 147 4058
54 77 275
54 168 32
54 18 6
54 19 8
54 131 6
54 78 818
54 79 29975
54 45 5788
54 117 18730
54 80 5698
54 46 11126
54 81 304
54 82 5893
54 169 426
54 108 350
54 47 54833
54 149 122
54 83 388
54 134 1576
54 48 32063
54 21 25
54 112 334
54 170 3380
54 14 4717
54 49 155628
54 84 2420
54 50 12121
54 171 1055
54 150 233
54 172 1103
54 173 11821
54 174 107
54 151 1215
54 51 9672
54 135 358
54 156 25
54 152 744
54 52 24660
54 85 464
54 86 49979
54 53 77891
54 118 4846
54 87 5914
54 63 1242
54 162 637
54 24 4168
54 71 220
54 88 355
54 25 22431
54 175 1396
54 89 15670
54 90 338
54 91 614
54 26 7230
54 92 12053
54 93 3684
54 94 35873
54 28 795
54 1 1282
54 95 37264
54 29 350
54 96 1469
54 97 606
54 153 29
54 132 1039
54 105 11848
54 65 4160
54 98 4140
54 55 11958
54 99 21343
54 4 175
54 72 218
54 56 4004
54 15 17459
54 176 347
54 120 13
54 177 200
54 178 46
54 34 30083
54 68 82747
54 2 15830
54 154 402
54 179 1507
54 35 303
54 57 4937
54 58 2579
54 144 114
54 5 51523
54 69 2235
54 137 9779
54 180 8663
54 101 4083
54 59 2975
54 102 11428
54 37 372
54 103 1385
54 121 13984
54 104 9122
54 60 19654
54 161 1001
54 181 90
54 73 925
54 39 4337
54 61 26453
54 122 29
54 12 1003
54 155 16011
54 41 26
54 138 3379
54 158 627
159 16 1
159 18 7
159 182 325
159 20 21449
159 21 2088
159 26 129
159 31 1674
159 183 5
159 32 19
159 184 1127
159 35 255
159 36 47
159 185 404
159 145 21
159 122 2
159 40 376
97 76 6
97 153 1
153 97 1231
132 0 29
132 70 985
132 43 188
132 72 45
132 15 137
132 2 962
132 73 60
105 114 1
105 48 4
65 24 54
65 39 172
65 138 23
98 146 191901
98 64 7820
98 24 7198
98 26 22027
98 27 197
98 65 12468
98 4 8605
98 15 48984
98 34 116
98 154 319
98 35 3069
98 69 78046
98 37 30
98 39 83954
98 61 1
186 10 3
186 122 11
55 42 8
55 70 80
55 74 7
55 44 88
55 78 24
55 46 8
55 82 4
55 83 454
55 48 21
55 49 556
55 50 8
55 51 44
55 52 156
55 85 317
55 53 228
55 63 21
55 88 469
55 90 813
55 92 86
55 54 56
55 105 1
55 99 145
55 72 6446
55 56 1975
55 15 219
55 2 24
55 57 652
55 58 36
55 5 164
55 101 4
55 104 874
55 61 1714
99 7 259
99 74 851
99 147 4210
99 124 1
99 46 774
99 82 49
99 149 5
99 48 3263
99 49 7750
99 172 311
99 85 114
99 91 406
99 141 24
99 54 7683
99 55 117
99 178 268
99 5 18329
99 59 16
99 61 25
4 152 10
4 39 25
33 18 141
33 23 12
33 15 108
33 41 422
72 70 673
72 14 1104
72 63 85
72 56 22
72 15 5763
72 60 303
56 42 7
56 44 275
56 50 59
56 51 138
56 53 4
56 55 21
56 72 1089
56 60 22
56 61 18
15 62 49389
15 70 548
15 125 71
15 47 133
15 14 993
15 127 4
15 63 1189
15 71 41
15 128 19
15 159 2
15 105 4
15 72 228
15 2 20
15 130 1012
15 161 903
15 73 109409
15 155 92
111 110 4470
111 78 2
111 81 4
111 162 8
111 181 334
111 157 46
111 122 1
68 172 2
68 94 110
2 43 105
2 44 17
2 1 1049
2 132 43
2 56 122
2 15 583
35 17 158
35 67 4
35 22 988
35 26 409
35 29 71
35 37 23
35 38 37
57 42 69
57 46 1429
57 48 1
57 49 1
57 51 6358
57 53 9
57 93 3
57 55 128
57 2 70
57 60 40
58 42 1342
58 74 473
58 43 904
58 45 190
58 49 3845
58 51 1
58 53 10
58 1 63
58 54 459
58 55 544
58 2 1744
58 57 14
58 101 367
58 59 1
58 61 15
100 7 23711
100 106 24334
100 18 1
100 125 4
100 78 572
100 81 396
100 140 17105
100 112 205
100 84 26
100 162 30
100 24 52
100 187 11536
100 164 223
100 26 12
100 28 728
100 141 40237
100 107 26249
100 153 3
100 119 4
100 32 2
100 129 198
100 4 679
100 154 5
100 181 7
100 39 56
100 157 21
100 122 1
100 158 10866
100 188 3040
5 3 1512
5 7 12
5 13 100
5 42 4
5 70 131
5 74 21334
5 44 295
5 168 116
5 18 1
5 79 17
5 45 1384
5 46 4304
5 82 4098
5 149 88
5 83 115
5 134 511
5 48 9727
5 49 40240
5 50 128
5 51 1476
5 85 1687
5 53 3597
5 87 23
5 63 1
5 24 156
5 88 656
5 25 4
5 175 106
5 90 687
5 91 1
5 92 75
5 95 116
5 54 6391
5 105 1633
5 65 115
5 55 7449
5 99 155012
5 56 2560
5 34 68
5 57 567
5 58 539
5 101 31
5 59 17
5 39 82
5 61 18661
5 12 94
69 39 1
101 82 759
101 134 1364
101 49 33
101 105 4126
101 55 5
101 34 23
101 5 998
101 39 75
59 42 2816
59 74 121
59 48 1
59 49 1330
59 53 1
59 54 83
59 5 44
37 16 7
37 18 1
37 125 2
37 189 47
37 26 19
37 29 2
37 35 1
37 122 23
185 159 1
121 167 1
121 113 1
121 49 1
121 171 72
121 173 68
121 190 1
121 54 46
121 119 1
121 177 221
121 180 52
121 61 6
121 40 1
104 76 138
104 48 6
104 53 235
104 89 173
104 92 83
104 15 2
60 62 1611
60 44 172
60 14 1919
60 52 8665
60 87 19
60 102 851
181 113 3
181 49 1
181 111 9275
181 34 7
181 191 606
73 42 5
73 62 2131
73 70 6474
73 166 1
73 44 1
73 18 1
73 80 3
73 14 3622
73 50 1
73 52 28
73 63 20
73 175 2
73 93 2
73 190 4
73 54 1
73 119 24
73 72 1754
73 15 2
73 176 1
73 102 1
73 60 4
73 39 1257
73 61 3
73 122 1
39 146 1
39 64 36
39 143 14
39 24 1
39 65 8196
39 4 39
39 34 3
39 144 25
61 16 1
61 42 77
61 115 109
61 70 20
61 74 12621
61 75 75
61 43 164
61 9 176
61 44 22
61 125 20
61 45 46
61 80 101
61 46 1067
61 82 4638
61 169 62
61 47 51188
61 133 253
61 134 577
61 48 3609
61 14 30
61 49 1817
61 84 300
61 50 287
61 51 1153
61 135 720
61 22 1699
61 85 60673
61 86 307
61 53 1669
61 87 194
61 24 1
61 25 50
61 89 3
61 90 25
61 93 63
61 1 71
61 95 10080
61 54 13617
61 153 1
61 132 45
61 105 3339
61 55 7364
61 99 2248
61 56 252
61 15 1040
61 34 3777
61 2 110
61 179 3
61 57 2023
61 58 1353
61 100 1
61 5 68762
61 101 2395
61 59 22
61 37 747
61 103 75
61 121 209
61 60 4435
61 39 1291
61 122 681
61 155 783
157 18 1
157 148 2
157 162 3503
122 167 345
122 16 94
122 114 1734
122 115 100
122 166 45
122 9 19
122 113 181178
122 10 6
122 18 3542
122 125 357
122 19 15497
122 169 74
122 108 4648
122 136 22
122 139 436
122 149 18
122 48 20
122 21 66
122 84 50
122 171 78
122 109 2098
122 174 1
122 151 6780
122 135 22
122 156 22
122 22 3339
122 86 7
122 53 31
122 118 36
122 127 21716
122 24 81
122 26 13306
122 165 98876
122 95 25
122 29 40
122 54 455
122 96 1253
122 65 25
122 119 2485
122 129 12192
122 4 252
122 33 26203
122 176 3
122 120 168
122 177 256
122 34 1
122 68 51
122 35 4740
122 69 455
122 37 4907
122 121 835
122 73 15
122 39 625
122 61 14
122 12 767
122 41 25
12 61 11
138 144 2
158 7 54
158 81 6
158 164 30
158 107 28
188 141 1
