4 586 5937
8 70 36
8 100 1549
8 191 21
8 300 641
8 499 224
8 807 405
8 642 208
8 643 56
8 792 10
32 76 111
32 152 42
32 600 11542
32 858 128
51 268 49
51 634 18
51 643 342
36 96 39
36 120 7
36 344 25
36 242 22
36 360 48
36 458 18
36 540 56
36 554 2188
36 598 79
36 702 116
36 764 11
36 626 21
36 548 13
40 56 107
40 191 1
40 203 1107
40 208 3
40 250 523
40 276 12356
40 348 2247
40 380 174
40 470 3
40 528 1557
40 616 817
40 703 297
40 705 1727
40 724 1
40 752 444
40 756 158
40 826 19
31 398 1
31 643 40278
48 512 64
48 682 287
48 784 16
52 662 2
52 670 14
112 428 6
112 643 17653
56 40 958
56 100 1
56 124 164
56 344 1
56 196 4
56 203 9249
56 180 3
56 208 53
56 233 45
56 246 52
56 250 49701
56 276 59762
56 300 3562
56 348 348
56 376 20
56 380 4386
56 400 4
56 428 44
56 440 10
56 442 3495
56 528 25674
56 616 3288
56 634 154
56 643 15341
56 703 2588
56 705 550
56 724 3930
56 752 110
56 756 95
56 804 26
56 826 8928
56 840 2
70 191 538
70 380 4
70 688 81
70 705 17
72 710 97
76 32 3338
76 250 20
76 600 12
76 858 191
100 203 35
100 250 56
100 276 283
100 300 411
100 348 23
100 428 91
100 440 618
100 616 589
100 642 2326
100 643 330
100 804 34
854 204 539
854 288 12390
120 226 23
124 344 3
124 158 1
124 250 10
124 392 156
124 591 5
124 840 166686
152 32 461
152 826 9
152 858 313
344 446 31
344 156 1
156 344 20435
156 446 1424
156 408 29
156 398 8431
156 417 167
156 418 5
156 458 42
156 496 5065
156 643 66446
156 762 5
156 764 221
156 704 1838
158 344 2
170 250 33
188 170 10
188 222 1
188 340 231
188 558 450
188 591 280
188 826 14
188 840 876
191 70 27
191 380 3
191 705 86
196 300 1
203 40 14
203 276 23
203 348 78
203 528 35
203 616 82
203 642 165
203 703 13207
203 724 15
208 234 128
208 250 152
208 276 1
208 380 1
208 528 7
208 578 77
208 724 5
208 752 1342
218 170 3177
218 840 1
233 246 32
233 428 90
233 440 13
233 807 20
233 578 2
231 48 18
231 262 7916
231 566 8
231 634 9
231 682 35
231 706 3181
231 729 246
231 784 193
246 233 169
246 428 1
246 643 3
246 752 2
250 40 1792
250 56 17178
250 100 21
250 203 10957
250 208 2148
250 233 574
250 246 544
250 258 1
250 266 5
250 276 67375
250 300 46
250 348 1420
250 372 315
250 380 14686
250 428 532
250 440 232
250 442 1129
250 528 15787
250 578 615
250 616 15865
250 620 407
250 642 105
250 643 2783
250 703 345
250 705 70
250 724 12310
250 752 4493
250 756 6932
250 784 2
250 826 12210
270 324 17
270 624 1
270 466 6
270 686 4
268 31 16
268 112 123
268 398 19
268 498 3
276 40 3903
276 56 258
276 100 25
276 191 5
276 203 811
276 208 1008
276 233 122
276 246 2207
276 250 2441
276 300 291
276 348 9
276 380 7357
276 428 34
276 442 100
276 528 3302
276 578 16
276 616 2983
276 620 2
276 642 207
276 643 2
276 703 1
276 724 317
276 752 2543
276 756 1548
276 826 35
288 854 2
288 840 2
300 8 1227
300 112 19
300 56 133
300 100 3918
300 196 182
300 203 4
300 250 56
300 268 5
300 276 214
300 348 10
300 398 1
300 499 37
300 528 11
300 807 149
300 616 411
300 498 6
300 642 205
300 643 187
300 688 17
300 756 1
300 792 112
300 804 393
300 826 10
320 222 25800
320 320 92
320 340 294
320 558 148
320 703 14
320 840 5374
328 52 307
328 250 1
348 40 251
348 203 124
348 276 1544
348 380 29
348 440 19
348 528 693
348 616 254
348 642 1268
348 643 44
348 703 1739
348 705 22
348 724 169
348 804 58
348 826 19
356 48 442
356 50 19726
356 818 23
356 414 126
356 462 1915
356 524 3221
356 554 3
356 512 2204
356 586 3770
356 634 20
356 682 2261
356 144 51
356 740 1
356 784 33773
356 826 11
360 96 15
360 458 65
360 702 533
360 626 4
364 4 2986
364 51 48
364 31 3924
364 48 6
364 140 5
364 250 17
364 368 251656
364 398 205
364 414 130
364 586 42
364 634 20
364 498 1
364 643 2822
364 682 254
364 760 39
364 762 9
364 792 801
364 795 365
364 804 18
364 784 1427
372 276 4
372 528 13
372 724 19
372 826 1037
376 40 1578
376 56 148
376 124 7
376 344 253
376 196 213
376 208 518
376 246 1312
376 250 573
376 276 4158
376 300 148
376 380 14
376 398 166
376 528 10529
376 578 695
376 616 2
376 643 8086
376 705 2912
376 752 472
376 756 175
376 804 9
376 826 3853
376 840 1003
380 8 374
380 40 19007
380 112 25
380 56 1002
380 70 4
380 100 159
380 124 4
380 344 14
380 191 563
380 196 74
380 203 2509
380 208 3816
380 233 18
380 246 2
380 250 8852
380 268 2
380 276 40855
380 300 2365
380 348 2361
380 372 48
380 376 60
380 392 17
380 428 50
380 440 81
380 442 34
380 470 633
380 499 22
380 528 9588
380 578 444
380 616 4790
380 410 1
380 498 14
380 642 6733
380 643 251
380 688 45
380 703 617
380 705 6430
380 710 24
380 724 325
380 752 246
380 756 4829
380 804 6
380 784 1
380 826 11539
380 840 2
392 344 1
392 643 1
400 31 292
400 48 15249
400 70 34
400 100 2073
400 268 56
400 300 35
400 348 149
400 368 108795
400 376 412
400 414 32614
400 422 7190
400 512 12020
400 634 32104
400 498 21
400 642 4294
400 643 719
400 703 59
400 752 120
400 760 68893
400 804 233
400 784 85895
404 174 2
404 250 6
404 729 6
404 800 1
404 826 9
404 834 9
417 398 396
417 643 8647
417 784 4
428 196 9
428 233 739
428 300 20
428 398 1
428 440 971
428 528 1
428 616 32
428 643 123
422 48 65
422 178 1
422 384 10
422 250 1
422 368 12
422 400 28
422 414 761
422 512 42
422 634 155
422 682 557
422 760 26
422 804 12
422 784 265
422 826 3
440 112 902
440 428 1576
440 643 29985
440 724 24
440 826 3
442 56 50
442 250 283
442 276 31
442 288 1
442 566 2
450 174 21
454 72 1
458 96 20
458 344 12
458 158 1
458 360 25
458 462 3
458 634 181
458 682 35
458 702 28574
458 764 807
458 784 1740
484 124 22355
484 222 7079
484 392 52
484 528 13
484 840 1480118
499 70 543
499 642 20
499 688 110
504 28 7
504 44 2
504 56 39
504 124 277
504 384 521
504 196 2
504 203 138
504 250 281837
504 276 2194
504 300 1
504 348 49
504 352 1
504 380 2970
504 388 1
504 430 25
504 466 19
504 470 3
504 478 5907
504 528 12470
504 562 28
504 578 292
504 591 5
504 616 94
504 642 33
504 643 18003
504 682 431
504 686 1389
504 703 2006
504 724 18799
504 756 6112
504 792 1
504 784 82
504 826 17802
528 40 10123
528 48 4
528 112 2439
528 56 25845
528 70 4
528 100 166
528 124 316
528 344 47
528 191 1157
528 196 682
528 203 29448
528 208 21113
528 233 5281
528 246 13537
528 250 37602
528 266 2
528 268 1
528 276 396896
528 288 1
528 300 9490
528 348 4364
528 352 596
528 372 21315
528 380 38189
528 398 11
528 414 10
528 428 6308
528 422 1
528 430 5
528 440 7599
528 442 424
528 458 1
528 470 585
528 499 2
528 566 1
528 807 2
528 578 16398
528 512 1
528 616 29639
528 620 92
528 634 23
528 498 55
528 642 2167
528 643 7462
528 682 13
528 688 105
528 702 34
528 703 4638
528 705 3056
528 724 21183
528 752 50753
528 756 4688
528 792 131
528 804 1458
528 784 54
528 826 166320
528 840 1136
554 36 2469
554 124 245
554 344 91
554 158 38
554 184 10
554 242 25
554 258 162
554 392 530
554 540 219
554 882 16
554 702 17
554 764 6
554 776 1
554 826 2
554 840 217
558 222 3946
558 340 56
562 204 20
562 566 16
807 8 30
807 40 42
807 112 331
807 70 4722
807 100 9580
807 191 1315
807 203 628
807 300 5522
807 348 165
807 380 21
807 428 134
807 440 29
807 499 2286
807 616 141
807 498 154
807 642 1613
807 643 1334
807 682 280
807 688 18163
807 703 44
807 705 1222
807 752 6
807 792 332
807 804 439
807 826 3
578 208 35
578 528 9
578 616 157
512 48 29
512 414 170
512 634 53
512 682 225
512 690 18
512 760 25
512 784 4442
512 840 1
586 4 5290
586 364 1
586 682 8
604 76 5
604 724 9
616 40 876
616 112 565
616 56 1
616 100 19
616 196 4
616 203 6358
616 208 33
616 233 633
616 246 444
616 250 1778
616 276 4730
616 300 1322
616 348 701
616 372 49
616 380 458
616 398 3
616 428 411
616 440 1681
616 528 930
616 578 144
616 498 6
616 642 2589
616 643 24198
616 703 1545
616 705 5
616 724 704
616 752 2249
616 804 8707
616 826 10756
620 24 17
620 132 82
620 250 2082
620 276 2
620 380 20
620 442 70
620 616 146
620 724 76469
620 826 1910
410 344 30
410 392 1034
410 643 5
410 724 1
410 840 1
498 112 2887
498 642 163
498 643 1870
642 100 584
642 203 29
642 348 104
642 380 489
642 616 118
642 498 31
642 724 10
643 51 17
643 100 30
643 398 153
646 834 2
686 56 285
686 250 2568
686 276 2535
686 380 226
686 528 1299
686 826 1672
688 112 19
688 70 920
688 100 1157
688 191 21
688 203 18
688 250 8
688 300 259
688 807 634
688 616 13
688 498 19
688 642 864
688 643 1911
688 705 4
702 96 69
702 156 1
702 360 7
702 458 4
702 462 1
702 104 1
702 690 3
703 40 251
703 203 1654
703 276 39
703 348 2305
703 616 5
703 642 17
703 705 5
703 724 22
705 40 340
705 70 872
705 191 1556
705 203 14
705 208 44
705 276 1104
705 348 10
705 380 411
705 499 103
705 528 4665
705 807 4
705 616 75
705 498 17
705 642 206
705 688 304
705 703 110
705 724 157
705 804 41
705 826 696
710 24 214
710 170 3
710 178 13
710 384 1
710 180 46
710 250 8
710 266 6
710 276 1
710 454 7
710 480 6
710 508 17494
710 566 2
710 598 18
710 690 60
710 894 42
710 716 2344
724 40 5591
724 112 477
724 56 16136
724 100 507
724 132 228
724 124 343
724 384 35
724 191 487
724 203 24893
724 208 8775
724 226 2
724 233 1868
724 246 5143
724 250 127339
724 276 156903
724 300 246
724 348 5813
724 352 3
724 372 4494
724 380 23708
724 428 1564
724 430 94
724 440 9389
724 442 93
724 470 28
724 478 2
724 499 7
724 528 101353
724 578 2440
724 616 36550
724 620 31398
724 498 146
724 642 1348
724 643 7915
724 682 7
724 688 25
724 703 4719
724 705 1455
724 724 49
724 752 15201
724 756 5272
724 804 219
724 826 136482
144 784 1
740 250 18
752 208 336
752 246 9
752 276 4
752 528 16
752 578 12
756 40 1
756 250 63
756 276 30
756 380 11
756 528 10
760 8 414
760 48 1958
760 818 78
760 268 104
760 368 151179
760 400 537
760 414 34602
760 422 10964
760 807 158
760 512 8508
760 616 206
760 634 4069
760 498 742
760 642 764
760 643 3650
760 682 174637
760 688 142
760 703 113
760 792 128
760 804 3046
760 784 9464
764 50 1
764 344 24
764 360 1
764 418 1
764 462 1
764 702 400
780 52 492
780 670 1
788 12 18
788 48 2
788 56 25
788 124 4
788 231 1
788 250 12615
788 276 1
788 380 291
788 414 5
788 434 1376
788 484 19
788 528 297
788 634 87
788 682 5
788 784 32
792 8 1108
792 40 1652
792 31 11648
792 112 5938
792 56 112
792 70 6733
792 100 65541
792 191 5776
792 196 1776
792 203 3048
792 208 775
792 233 426
792 250 1025
792 268 6565
792 276 14481
792 300 790
792 340 6065
792 348 1310
792 368 11167
792 380 402
792 398 39
792 414 97
792 428 1327
792 528 3006
792 807 768
792 578 67
792 616 11522
792 634 22
792 498 7294
792 642 44584
792 643 302484
792 682 17729
792 703 1061
792 705 1988
792 724 19
792 752 568
792 756 350
792 760 22
792 795 38
792 804 33635
792 784 138
792 826 792
800 404 5
804 112 4487
804 116 1
804 398 20
804 591 1
804 616 3
804 498 45
804 643 52767
804 659 1
804 702 1
804 703 2
826 234 15
826 250 821
826 276 22
826 372 2303
826 528 279
826 616 6
826 724 1
826 784 1166
834 404 1764
834 414 2
840 28 12
840 36 45
840 44 879
840 52 96
840 124 190547
840 344 94
840 158 15
840 170 36
840 214 3
840 222 3
840 320 358
840 388 5
840 392 1731
840 484 29085
840 591 28
840 634 2
840 410 90
840 662 16
840 670 1
840 702 41
840 740 5
840 780 586
894 180 7
716 508 1
