8 528 18
8 756 6
32 152 1
32 276 4
32 600 1665
32 858 39
36 96 9
36 344 438
36 242 17
36 356 1
36 360 6
36 296 2
36 458 43
36 540 13
36 554 2294
36 598 3
36 702 982
40 100 1
40 191 11
40 203 277
40 250 161
40 276 2333
40 348 10
40 380 3
40 528 75
40 586 3
40 616 635
40 703 161
40 705 174
40 756 671
40 804 1
40 826 3
56 40 492
56 112 236
56 124 816
56 203 449
56 208 271
56 233 246
56 246 35
56 250 32666
56 266 2
56 276 96473
56 300 1081
56 372 33
56 380 1684
56 428 460
56 440 50
56 442 2586
56 478 4
56 528 19138
56 578 22
56 616 3119
56 620 222
56 643 2419
56 724 440
56 752 433
56 756 855
56 826 7466
56 840 1942
84 840 12
72 710 10
76 24 2
76 32 20435
76 600 43
76 858 1121
854 384 1
120 266 28
124 344 42
124 192 24
124 392 16
124 840 102131
152 32 5837
152 68 249
152 192 16
152 748 7
152 484 31
152 600 21
152 724 17
152 826 9
152 840 229
344 446 2
344 156 1
344 458 196
344 702 274
156 124 19
156 344 15224
156 158 45
156 392 12
156 418 10
156 458 22
156 496 5
156 528 6
156 643 6789
156 702 326
156 784 24
156 704 100
158 702 1
170 862 4769
188 124 1
188 170 12
188 340 56
188 558 186
191 70 9
191 688 33
191 705 88
196 376 29
196 784 1
196 826 10
203 616 640
203 703 186
203 804 1
208 234 121
208 250 1
208 276 75
208 352 7
208 372 4
208 528 44
208 578 16
208 752 1186
208 826 11
208 840 4
212 28 1
218 170 1557
818 56 46
818 250 41
818 276 3
818 380 107
818 392 51
818 414 92
818 528 85
818 512 47
818 634 1
818 682 1209
818 756 3
818 826 53
818 840 6
222 340 9
222 558 69
233 428 7
233 752 1
748 508 2
748 710 120
231 262 1457
246 233 408
246 643 25
246 752 153
250 40 1204
250 112 30
250 56 10566
250 204 1
250 70 6
250 124 51
250 191 217
250 203 3313
250 208 780
250 262 4
250 233 224
250 246 155
250 276 38256
250 300 5
250 348 254
250 352 7
250 372 110
250 380 4550
250 428 74
250 440 213
250 442 1287
250 528 4107
250 578 126
250 604 1
250 616 927
250 620 79
250 642 7
250 643 563
250 678 32
250 686 19
250 694 75
250 703 1032
250 705 492
250 724 2952
250 752 292
250 756 4962
250 804 9
250 826 3978
250 840 90
268 643 280
276 40 1401
276 56 25
276 70 6
276 203 44
276 208 281
276 214 4
276 250 2015
276 300 151
276 348 8
276 380 1152
276 440 23
276 442 1
276 528 7001
276 578 43
276 616 554
276 620 421
276 643 38
276 724 108
276 752 19
276 826 100
288 204 11
288 768 1008
300 8 1265
300 40 7
300 44 29
300 100 115
300 196 16
300 203 1
300 276 182
300 348 1
300 376 1
300 380 3
300 430 5
300 470 14
300 484 4
300 807 558
300 578 1
300 591 4
300 616 199
300 642 12
300 643 72
300 670 1
300 688 38
300 703 2
300 756 2
300 784 1
320 188 5
320 222 36428
320 340 562
320 484 62
320 558 769
328 52 9
340 222 3103
340 558 46
340 840 63
348 40 9
348 70 152
348 100 1
348 191 44
348 203 990
348 233 104
348 250 1
348 276 132
348 428 148
348 440 276
348 470 1
348 616 44
348 642 7
348 703 368
348 705 153
348 752 15
348 756 60
348 804 8
356 50 622
356 404 25
356 480 132
356 524 1
356 586 10
356 410 28
356 144 269
356 840 46
360 96 11
360 158 7
360 356 31
360 392 1
360 458 726
360 528 5
360 702 1588
360 724 1
364 4 34
364 51 80
364 31 4412
364 368 7021
364 398 81
364 512 1
364 586 443
364 498 17
364 642 30
364 643 144
364 792 338
364 795 92
364 784 155
364 860 2
376 40 665
376 56 203
376 124 7
376 344 2
376 196 3
376 208 151
376 246 241
376 250 561
376 276 2036
376 300 14
376 380 32
376 400 19
376 528 3764
376 578 100
376 643 15
376 752 438
376 756 255
376 826 3414
376 840 1445
380 8 166
380 40 11964
380 112 103
380 56 2403
380 70 3132
380 124 6
380 191 2375
380 203 2169
380 208 1782
380 233 3
380 246 5
380 250 9607
380 276 68904
380 300 332
380 348 643
380 428 20
380 440 144
380 442 107
380 470 11
380 528 1393
380 558 10
380 807 1
380 578 2
380 616 1382
380 498 1
380 642 16
380 643 30
380 688 167
380 694 25
380 703 350
380 705 4770
380 724 874
380 752 60
380 756 4303
380 826 2637
392 344 1
392 410 2
400 40 1
400 48 21336
400 56 4
400 70 35
400 100 70
400 208 3
400 246 1
400 276 21
400 300 38
400 414 51040
400 422 13270
400 528 106
400 512 16690
400 616 20
400 634 21591
400 642 61
400 643 997
400 682 2608
400 688 33
400 729 36
400 752 17
400 792 186
400 784 66006
400 826 67
398 643 2603
404 834 1
414 682 19
417 398 624
417 643 6647
417 762 360
428 112 14
428 233 3
428 643 1
422 48 83
422 414 2326
422 512 182
422 634 157
422 682 2518
422 760 2
422 784 1417
440 112 434
440 233 64
440 428 1732
440 643 272
442 56 84
442 250 162
442 276 11
442 352 4
442 528 33
458 96 245
458 158 11
458 360 5
458 702 12032
458 764 1
480 174 1
484 124 167
484 222 130
484 380 1
484 528 1
484 840 689647
484 862 10
504 56 525
504 124 121
504 384 2
504 203 16
504 250 146671
504 276 706
504 348 108
504 380 212
504 440 83
504 478 24
504 528 35
504 578 1
504 616 990
504 620 99
504 643 7222
504 682 4
504 703 2727
504 724 270
504 752 174
504 756 6165
504 784 7
504 826 452
504 840 77
516 24 9
516 710 4781
528 40 6707
528 48 56
528 112 2523
528 56 10900
528 76 11
528 124 2295
528 344 239
528 158 79
528 191 262
528 196 19
528 203 6275
528 208 5531
528 226 2
528 233 3262
528 234 12
528 246 6740
528 250 19237
528 276 275340
528 300 534
528 348 957
528 352 432
528 360 1
528 372 8383
528 376 3
528 380 13042
528 392 124
528 398 73
528 414 8
528 428 4226
528 440 3577
528 442 67
528 458 4
528 470 26
528 566 2
528 578 3341
528 616 9534
528 620 21
528 634 21
528 642 300
528 643 7454
528 682 36
528 686 1
528 688 14
528 694 71
528 702 176
528 703 689
528 705 39
528 710 3
528 724 1804
528 740 3
528 752 33390
528 756 1201
528 768 3
528 804 104
528 784 532
528 826 75229
528 840 29620
554 36 3
554 344 8
554 158 13
554 184 18
554 242 58
554 258 17
554 392 76
554 540 8
554 882 5
554 798 3
558 222 2597
558 340 1
807 8 19
807 112 52
807 70 1285
807 191 1097
807 203 264
807 233 1
807 300 100
807 348 49
807 428 16
807 440 8
807 688 5381
807 703 15
807 705 570
807 756 22
578 208 7
578 528 4
586 4 13
600 32 533
616 203 4608
616 276 200
616 300 202
616 428 1023
616 643 3065
620 24 2
620 132 38
620 250 2
620 624 1
620 442 2
620 478 12
620 528 3
620 724 164
620 826 2180
634 364 5
634 512 15
634 682 16
634 784 31
410 344 1
410 392 11711
498 112 1951
498 233 17
498 276 7
498 428 39
498 642 6
498 643 578
642 203 368
642 300 1
642 498 33
643 233 409
643 428 51
643 440 43
686 250 19
686 380 1891
688 70 629
688 705 61
688 756 106
702 96 7
702 458 183
702 104 1
703 188 1
703 203 7684
703 616 200
703 804 14
705 188 1
705 203 7684
705 616 200
705 804 14
710 24 263
710 28 1
710 174 2
710 178 19
710 384 6
710 180 4
710 250 56
710 266 111
710 404 2
710 480 19
710 508 6184
710 528 30
710 690 24
710 784 10
710 826 161
710 894 7
710 716 193
724 40 14939
724 112 111
724 56 15767
724 70 1153
724 132 2
724 124 1535
724 191 1775
724 203 22574
724 208 3271
724 233 1110
724 246 6062
724 250 142276
724 270 1
724 276 182027
724 300 13
724 348 2271
724 352 8
724 372 80
724 380 22731
724 428 1271
724 440 1133
724 442 18
724 478 588
724 504 7
724 528 206366
724 578 7221
724 616 16228
724 620 14105
724 642 70
724 643 809
724 688 419
724 703 1956
724 705 1714
724 724 276
724 752 5156
724 756 9305
724 826 168290
724 840 6305
752 208 17
752 246 116
752 578 85
752 616 18
752 826 17
756 276 21
756 688 20
764 158 16
764 360 24
764 458 735
764 104 4
764 702 570
780 52 71
780 328 1
780 662 1
780 670 2
788 124 14
788 250 1502
788 380 9
788 434 4
788 578 2
788 756 8
788 784 12
792 8 569
792 40 4854
792 50 15
792 112 36
792 56 31
792 70 1698
792 100 171
792 191 1858
792 196 110
792 203 124
792 408 16
792 208 6
792 233 5
792 250 1756
792 276 3155
792 300 1698
792 348 181
792 372 32
792 380 145
792 414 278
792 430 2
792 440 47
792 470 9
792 528 667
792 566 1
792 807 2294
792 578 31
792 512 22
792 616 748
792 620 7
792 498 247
792 642 10654
792 682 47257
792 688 2487
792 703 65
792 705 36743
792 752 28
792 756 75
792 795 6
792 804 171
792 784 594
792 826 291
800 512 1
826 56 16
826 124 4
826 250 219
826 276 14
826 288 1
826 372 4601
826 376 11
826 380 44
826 528 455
826 724 34
826 840 133
834 404 20
834 826 1
840 28 35
840 36 11
840 44 129
840 52 84
840 56 3614
840 124 165838
840 344 4
840 156 11
840 158 16
840 250 844
840 328 19
840 340 2032
840 388 66
840 392 2075
840 484 28994
840 528 733
840 558 301
840 620 226
840 724 441
840 780 79
840 826 2932
862 76 90
862 170 10
894 72 1
894 180 2
894 716 4
