8 100 3
8 300 1
8 499 1
8 642 2
32 858 1
36 540 1
40 56 11
40 208 2
40 250 180
40 276 2261
40 348 143
40 380 5
40 528 251
40 616 9
40 703 5
40 705 111
40 752 53
40 756 33
31 268 188
31 643 585
31 804 11
52 662 1
112 643 4
56 40 52
56 112 3
56 124 25
56 203 86
56 246 1
56 250 1848
56 276 713
56 380 1
56 400 2
56 442 240
56 528 1541
56 616 4
56 634 8
56 643 1483
56 703 6
56 724 11
56 756 2
56 804 2
56 826 552
56 840 1
70 191 48
76 32 145
76 600 1
76 858 2
100 250 23
100 300 2
100 428 1
100 440 2
100 616 41
100 642 30
854 250 10
108 56 1
120 56 9
124 840 1457
152 826 1
156 124 2
156 344 14515
156 446 954
156 408 8
156 418 2
156 458 8
156 496 11
156 643 3153
156 764 15
158 702 6
188 558 22
384 250 13
191 70 2
191 688 2
191 705 5
196 250 1
196 752 3
196 826 16
203 348 1
203 642 5
203 703 185
208 234 2
208 250 2
208 724 4
208 752 60
242 36 1
242 124 3
242 554 364
250 40 5
250 56 328
250 203 8
250 208 1
250 266 1
250 276 661
250 300 9
250 372 14
250 380 1318
250 440 3
250 442 49
250 528 61
250 578 31
250 616 8
250 620 6
250 642 6
250 643 4
250 703 1
250 705 5
250 724 152
250 756 1561
250 826 1196
276 40 340
276 56 30
276 203 3
276 208 59
276 246 94
276 250 116
276 300 385
276 348 1
276 380 500
276 428 5
276 442 4
276 528 270
276 616 34
276 642 282
276 724 10
276 752 259
276 756 189
276 826 35
288 840 1
300 8 90
300 56 1
300 100 153
300 196 19
300 203 15
300 250 1
300 276 61
300 380 1
300 398 1
300 554 1
300 807 6
300 642 36
300 826 2
320 188 1
320 222 4
320 340 8
320 558 1
320 840 213
328 52 116
328 124 59
348 528 1
348 642 47
348 643 30
348 703 2
348 804 11
356 462 5
356 144 140
356 826 4
360 392 307
360 458 545
360 702 97
364 4 2367
364 51 6
364 31 878
364 48 3
364 250 4
364 268 60
364 368 9349
364 398 89
364 643 1221
364 792 1078
364 795 167
364 784 6237
372 826 7
376 56 2
376 250 1
376 528 57
376 578 2
376 642 8
376 643 479
376 705 4
376 826 6
380 8 45
380 40 540
380 112 2
380 56 250
380 100 10
380 191 31
380 203 43
380 208 19
380 246 2
380 250 1230
380 276 1198
380 300 1134
380 348 265
380 428 10
380 440 14
380 442 1
380 470 79
380 528 212
380 616 38
380 498 7
380 642 1532
380 643 31
380 688 5
380 703 17
380 705 720
380 724 28
380 752 14
380 756 113
380 826 108
380 840 12
400 48 779
400 191 16
400 368 23049
400 414 2140
400 422 4312
400 512 92
400 634 2287
400 642 51
400 760 38688
400 784 1453
417 398 5
417 643 351
428 233 15
428 440 68
428 643 99
422 48 2
422 178 1
422 384 1
422 250 1
422 276 6
422 414 85
422 566 2
422 634 72
422 682 44
422 804 5
422 784 41
422 826 9
440 112 27
440 428 67
440 643 5837
442 56 4
442 250 23
442 276 2
458 96 9
458 360 1
458 528 2
458 702 8323
484 124 203
484 528 2
484 840 66134
499 688 6
504 250 19
504 478 51
504 528 51
504 686 13
528 40 782
528 112 162
528 56 1887
528 70 1
528 100 6
528 124 59
528 344 1
528 191 4
528 196 15
528 203 638
528 208 1031
528 233 147
528 246 485
528 250 3173
528 276 16295
528 300 262
528 348 127
528 352 46
528 372 719
528 380 467
528 398 2
528 428 257
528 440 852
528 442 14
528 470 7
528 807 1
528 578 810
528 616 640
528 620 1
528 634 2
528 498 6
528 642 189
528 643 2578
528 682 4
528 688 14
528 703 106
528 705 25
528 724 45
528 752 1724
528 756 662
528 804 455
528 784 5
528 826 10480
528 840 243
554 36 1
554 344 1
554 258 8
554 840 1
558 840 103
807 40 7
807 70 154
807 100 19
807 191 35
807 300 44
807 348 4
807 380 3
807 428 6
807 616 2
807 642 8
807 688 94
807 705 76
807 752 6
512 414 22
512 784 6001
616 112 4
616 203 6
616 233 5
616 276 10
616 428 2
616 440 22
616 528 9
616 642 1
616 643 417
616 703 82
616 804 384
620 56 49
620 250 36
620 724 42
410 344 1
410 392 88
498 112 44
498 643 2
642 100 13
642 348 23
642 380 421
642 498 14
646 180 3
686 250 55
688 807 4
703 203 4
703 276 2
703 348 4
705 70 322
705 191 275
705 208 1
705 276 3
705 380 38
705 499 49
705 528 10
705 498 7
705 642 60
705 688 166
705 724 15
705 804 3
710 24 1
710 508 3
710 756 1
710 716 1
724 12 1
724 40 567
724 112 98
724 56 2002
724 100 36
724 124 10
724 191 88
724 203 806
724 208 845
724 233 179
724 246 242
724 250 42393
724 276 20620
724 300 61
724 348 539
724 372 164
724 380 13381
724 428 211
724 440 403
724 442 30
724 499 1
724 528 9994
724 578 42
724 616 1071
724 620 2787
724 498 13
724 642 606
724 643 3680
724 688 2
724 703 179
724 705 138
724 752 1223
724 756 1099
724 804 8
724 826 6567
724 840 7
144 462 1
740 250 15
752 208 2
752 578 1
756 250 2
760 368 18019
760 414 1977
760 422 3777
760 784 129
764 392 1
764 418 1
764 702 1
764 840 6
780 52 21
780 124 31
780 840 44
788 250 983
788 380 2
788 634 14
792 8 88
792 40 540
792 31 164
792 112 6
792 56 47
792 70 35
792 100 654
792 191 26
792 196 54
792 208 84
792 250 190
792 268 2784
792 276 2383
792 300 162
792 340 47
792 348 15
792 368 200
792 380 4
792 398 1
792 428 8
792 528 267
792 807 5
792 578 68
792 498 110
792 642 43
792 643 1261
792 682 4
792 705 1
792 752 172
792 756 53
792 795 2
792 804 196
792 826 9
804 112 127
804 233 2
804 428 4
804 440 17
804 616 1
804 498 3
804 643 68
826 124 2
826 372 17
826 784 29
840 44 2
840 124 15480
840 214 16
840 246 6
840 484 17
840 662 14
