4 554 1
8 499 10
12 724 7
51 268 1
51 643 54
36 344 1
36 458 2
36 598 4
36 702 1
40 56 1
40 203 1
40 250 86
40 276 1608
40 348 4
40 380 11
40 528 238
40 616 17
40 703 7
40 705 173
40 752 29
40 756 15
40 826 1
31 268 25
31 643 108
48 414 2
112 643 14019
56 40 34
56 112 4
56 124 28
56 203 281
56 233 1
56 250 4251
56 276 1660
56 300 6
56 380 3
56 428 425
56 440 105
56 442 330
56 528 1181
56 616 33
56 620 101
56 642 8
56 703 2
56 724 33
56 826 1081
70 191 51
100 112 4
100 276 2
100 300 2
100 348 12
100 642 94
100 804 1
100 826 1
854 56 30
854 250 277
854 826 20
108 56 5
108 180 2
124 840 1644
156 344 2786
156 446 1225
156 398 450
156 458 1
156 462 1
156 496 16
156 643 3260
156 702 2
158 344 2
188 558 2
384 124 1
384 250 35
384 840 6
191 276 1
191 380 6
191 688 2
191 705 4
196 826 3
203 100 4
203 528 3
203 642 12
203 703 266
208 203 1
208 234 3
208 246 1
208 250 2
208 276 2
208 578 2
208 752 59
212 28 6
212 52 2
818 36 42
818 40 1
818 48 2
818 112 1112
818 124 1
818 250 10
818 276 16
818 414 186
818 528 1
818 634 64
818 643 1148
818 682 35
818 690 21
818 752 2
818 784 5
818 826 1
233 246 11
233 398 1
748 250 1
748 528 1
748 710 19
748 756 1
231 262 86
242 96 1
242 124 9
242 516 5
242 520 1
242 554 523
250 40 17
250 56 756
250 100 3
250 344 1
250 191 1
250 203 4
250 208 4
250 226 1
250 246 1
250 276 807
250 300 28
250 348 5
250 372 8
250 380 1248
250 442 58
250 528 49
250 578 58
250 616 5
250 620 2
250 498 2
250 703 2
250 705 5
250 724 238
250 752 2
250 756 1716
250 804 23
250 826 563
268 643 1
276 40 621
276 56 17
276 191 17
276 203 14
276 208 59
276 246 79
276 250 184
276 348 1
276 380 47
276 428 4
276 442 5
276 528 98
276 616 233
276 642 1
276 705 24
276 724 13
276 752 156
276 756 224
276 826 291
288 56 18
288 124 13
288 250 1
288 276 7
288 528 12
288 756 1
288 826 6
300 8 80
300 100 922
300 196 84
300 276 91
300 348 4
300 380 161
300 499 1
300 807 9
300 498 1
300 642 49
300 688 58
300 724 26
320 188 2
320 222 39
320 340 91
320 558 10
320 840 641
328 28 2
328 52 15
328 124 42
328 840 4
340 724 1
340 840 8493
348 40 27
348 642 2
348 703 8
348 724 1
356 48 1
356 414 3
356 462 3
356 512 1
356 586 18
356 634 6
356 784 3
356 840 15
360 392 579
360 458 146
360 702 30
360 764 20
372 276 4
372 826 7
376 196 1
376 528 2
376 643 323
376 705 4
380 8 36
380 40 1037
380 56 187
380 100 53
380 191 480
380 203 45
380 208 6
380 233 1
380 250 893
380 276 913
380 300 565
380 348 187
380 372 5
380 440 36
380 442 7
380 470 173
380 528 66
380 616 35
380 498 6
380 642 495
380 688 27
380 703 38
380 705 496
380 724 22
380 752 8
380 756 116
380 784 1
380 826 99
400 48 721
400 368 4314
400 376 1285
400 414 7143
400 422 1271
400 512 49
400 634 1941
400 682 124
400 760 6594
400 784 548
398 643 56
404 112 637
404 56 1
404 250 44
404 276 284
404 528 7
404 578 58
404 643 718
404 800 4
404 826 1369
414 368 2865
417 398 129
428 233 69
428 440 74
422 48 1
422 384 1
422 208 11
422 414 14
422 512 1
422 634 49
422 682 12
422 784 52
440 112 14621
440 233 61
440 380 2
440 398 2
440 428 44
440 616 1
440 643 560
440 724 2
442 56 6
442 250 25
442 276 6
458 96 4
458 702 5226
466 250 30
484 124 420
484 250 1
484 528 19
484 724 3
484 826 91
484 840 55350
504 854 2
504 226 1
504 250 47
504 466 4
504 478 3271
504 562 4
504 686 2
504 724 41
504 752 2
504 826 6
528 40 584
528 112 283
528 56 4432
528 70 6
528 100 22
528 124 113
528 344 9
528 191 13
528 196 41
528 203 956
528 208 2183
528 233 123
528 246 693
528 250 1994
528 276 20301
528 300 133
528 348 22
528 352 74
528 368 2
528 372 925
528 380 347
528 398 6
528 428 462
528 440 549
528 442 6
528 462 1
528 470 1
528 578 915
528 616 914
528 620 1
528 634 9
528 498 5
528 642 354
528 643 1
528 682 1
528 688 25
528 702 2
528 703 136
528 705 24
528 724 87
528 752 3032
528 756 545
528 804 145
528 784 96
528 826 12924
528 840 1131
554 258 1
554 540 3
807 70 55
807 100 907
807 191 260
807 276 1
807 300 33
807 642 7
807 643 54
807 688 121
807 705 72
512 48 20
512 414 16
512 682 8
512 784 451
586 48 1
586 512 1
586 682 8
616 40 1
616 112 217
616 203 182
616 233 51
616 246 4
616 250 48
616 276 108
616 300 1
616 348 17
616 380 15
616 398 40
616 428 303
616 440 147
616 528 52
616 620 1
616 498 3
616 642 1
616 643 6
616 703 28
616 724 2
616 804 262
616 826 9
620 56 179
620 132 2
620 250 1
620 724 108
410 392 34
498 112 80
642 40 3
642 276 1
642 498 25
642 724 1
642 826 2
643 112 35
643 156 2
643 360 1
643 392 5
643 398 1
643 484 1
643 554 2
643 410 72
643 804 5292
643 840 53
646 56 1
646 826 1
682 48 844
682 368 395
682 414 84
682 634 6413
686 56 3
688 70 19
688 191 7
688 380 4
688 499 3
688 642 1
688 643 15
703 40 2
705 70 330
705 191 8
705 276 3
705 380 10
705 499 128
705 528 4
705 498 2
705 642 10
705 688 278
705 724 19
710 72 668
710 748 9
710 426 2
710 508 9
710 516 9
710 528 4
710 894 2
724 40 1109
724 112 25
724 56 2399
724 70 1
724 100 7286
724 132 5
724 124 64
724 191 276
724 196 791
724 203 2116
724 208 1515
724 233 115
724 246 215
724 250 47326
724 276 33139
724 300 783
724 348 994
724 372 274
724 380 20937
724 428 1555
724 422 1
724 440 4057
724 442 42
724 470 5
724 528 12992
724 578 174
724 616 2607
724 620 2105
724 498 28
724 642 1655
724 688 4
724 703 358
724 705 152
724 752 1161
724 756 1647
724 804 30
724 784 1
724 826 10099
724 840 42
144 784 1
740 528 100
752 276 2
752 578 1
764 36 1
764 418 7
764 458 56
764 104 2
764 702 1
780 124 402
780 840 34
788 250 201
788 434 2
788 784 29
792 8 16
792 40 678
792 31 26
792 112 71
792 56 49
792 70 63
792 100 1124
792 208 90
792 250 216
792 268 5422
792 276 1999
792 300 10
792 348 7
792 368 2998
792 376 50
792 398 2
792 499 4
792 528 335
792 807 10
792 578 132
792 634 1
792 498 302
792 642 106
792 643 5167
792 688 74
792 752 131
792 756 116
792 760 1027
792 795 1
792 804 137
792 826 10
800 404 210
800 728 16
804 112 282
804 591 1
804 498 8
784 512 22
784 144 1
826 372 122
826 724 1
826 840 1
834 887 150
840 124 18134
840 214 4
840 818 5
887 682 1
