8 688 88
32 68 919
32 76 9530
32 152 129
32 214 58
32 600 2838
32 858 25771
36 36 18
36 96 161
36 344 3751
36 258 106
36 360 1325
36 296 33
36 458 2845
36 462 184
36 480 3612
36 540 72
36 554 3
36 598 146
36 608 96
36 410 9435
36 690 30
36 702 6406
36 144 195
36 764 2084
36 776 58
36 784 138
40 8 73
40 70 3350
40 100 25
40 191 5378
40 196 199
40 203 48
40 208 74
40 276 2589
40 300 3440
40 332 23
40 348 808
40 380 3290
40 528 1523
40 578 5
40 616 160
40 642 211
40 688 318
40 703 2475
40 705 531
40 756 379
40 826 9039
56 8 18
56 12 5575
56 24 151
56 40 181
56 52 78
56 204 104
56 70 1803
56 132 80
56 170 7240
56 384 200
56 191 1305
56 196 382
56 203 18425
56 180 25
56 208 2296
56 818 700
56 250 154320
56 270 54
56 276 10503
56 288 56
56 300 4670
56 324 2
56 372 438
56 380 13728
56 388 153
56 400 1925
56 428 72
56 422 1256
56 440 114
56 442 6310
56 458 50
56 466 55
56 470 223
56 478 15
56 504 950
56 528 434284
56 562 13
56 578 13832
56 616 8947
56 620 17233
56 642 36
56 643 2979
56 682 1271
56 686 56
56 688 407
56 703 13348
56 705 3946
56 724 48649
56 752 3
56 756 1831
56 760 300
56 788 6621
56 792 345
56 784 104
56 826 88437
56 840 626
84 388 29
68 32 11
72 710 31
76 32 50
76 858 80
854 288 20
854 562 27
854 768 10
120 178 10
120 226 1
120 266 2
124 12 834
124 32 1575
124 52 2543
124 76 362
124 344 22
124 156 24
124 192 12758
124 180 24
124 214 4862
124 818 77
124 388 104
124 392 20
124 484 527
124 558 272
124 591 50
124 620 63
124 764 1200
124 780 6530
124 840 364946
124 858 6644
124 862 46112
152 32 1358
152 76 250
152 156 1
152 170 125
152 840 1
152 858 1618
152 862 156
344 446 19
344 156 2111
344 702 56
344 764 1
156 96 153
156 344 1242
156 158 52
156 408 1924
156 360 82
156 380 18
156 392 104
156 458 14764
156 496 7329
156 104 60
156 524 108
156 528 115
156 410 33
156 643 2310
156 702 6321
156 144 1332
156 784 52
156 704 6387
170 392 2
170 528 1
170 840 45
170 862 42361
188 36 5
188 170 5
188 250 6
188 340 18
188 558 223
188 591 9
188 840 16
384 466 535
191 70 64
191 688 110
191 705 35
192 192 83
196 40 1571
196 48 70
196 56 8098
196 191 550
196 208 536
196 276 25550
196 300 443
196 372 3268
196 380 470
196 528 2611
196 578 6641
196 752 1879
196 756 649
196 826 19550
203 70 20
203 100 140
203 191 330
203 348 20
203 616 166
203 642 40
203 688 30
203 703 2451
203 804 88
208 12 900
208 56 19
208 70 438
208 203 20
208 818 3933
208 233 75
208 234 2254
208 246 88
208 250 794
208 276 3446
208 300 630
208 352 160
208 372 177
208 380 2978
208 400 525
208 414 75
208 428 5
208 422 952
208 504 576
208 528 1509
208 578 8826
208 616 388
208 620 6415
208 642 380
208 643 60
208 682 450
208 688 24
208 703 72
208 705 107
208 724 3040
208 752 22819
208 756 25
208 788 1240
208 792 1
208 804 1462
208 826 621
218 170 18523
218 724 1
218 840 554
818 48 5
818 344 51
818 191 300
818 196 5
818 250 16
818 276 10169
818 300 1942
818 380 16654
818 400 20
818 414 4042
818 422 9076
818 504 82
818 528 515
818 512 3731
818 634 20
818 682 116
818 705 21
818 760 107
818 826 1559
222 320 6
222 340 49
222 558 30
222 840 2
233 28 1
233 44 1
233 84 1
233 196 10
233 246 1
233 276 2
233 300 1
233 428 733
233 430 13
233 440 7
233 470 16
233 584 1
233 528 1
233 578 2
233 591 5
233 498 19
233 643 162
233 670 3
233 752 1
748 508 58
748 710 9
231 262 3247
242 296 1
242 554 1
242 410 4
242 798 30
246 112 9
246 428 48
246 440 63
246 578 3475
246 643 1153
246 752 1749
246 792 50
246 804 170
250 12 12750
250 24 9
250 51 14
250 40 1448
250 56 107221
250 204 104
250 70 237
250 76 2
250 854 241
250 132 564
250 120 234
250 170 11540
250 178 97
250 384 5137
250 191 571
250 192 30
250 196 223
250 203 3981
250 208 5499
250 262 6
250 212 9
250 818 1815
250 226 9
250 233 58
250 246 76
250 250 119
250 266 218
250 276 39630
250 300 29931
250 324 95
250 348 91
250 352 102
250 360 2
250 372 2959
250 376 1609
250 380 209294
250 400 737
250 414 270
250 428 27
250 422 1755
250 440 5
250 442 2276
250 466 1038
250 478 56
250 496 15
250 504 6733
250 528 83364
250 807 46
250 578 1121
250 512 15
250 616 13252
250 620 107411
250 642 451
250 643 6853
250 682 1514
250 686 805
250 688 604
250 703 48
250 705 296
250 724 321540
250 144 24
250 752 577
250 756 8164
250 760 308
250 768 32
250 788 7696
250 792 120
250 784 12
250 826 104624
250 858 104
250 862 1496
270 826 175
268 31 38
268 643 950
276 8 20
276 12 1070
276 51 49
276 40 36000
276 112 37
276 56 20134
276 70 1754
276 76 26
276 100 2082
276 191 2023
276 196 570
276 203 6198
276 208 27467
276 214 783
276 818 402
276 233 97
276 246 107
276 250 6013
276 270 31
276 268 41
276 288 12
276 300 10859
276 348 8575
276 352 9
276 360 254
276 364 55
276 372 1923
276 376 274
276 380 93775
276 400 456
276 398 5
276 414 1254
276 417 48
276 428 89
276 440 884
276 442 5
276 458 720
276 504 50
276 528 1051843
276 807 957
276 578 181
276 512 527
276 586 25
276 591 275
276 608 534
276 616 22967
276 620 1579
276 498 1045
276 642 220
276 643 1629
276 688 1153
276 703 1224
276 705 929
276 710 1500
276 724 5203
276 144 275
276 752 12811
276 756 1283
276 788 2
276 792 941
276 804 3376
276 784 3197
276 826 14432
276 840 35
276 860 213
276 862 400
276 704 14
300 8 4657
300 40 178
300 44 61
300 100 5697
300 196 453
300 203 21
300 208 43
300 232 1
300 276 1198
300 380 57
300 430 3
300 470 105
300 807 341
300 578 70
300 591 158
300 616 3611
300 642 20
300 643 5
300 703 328
300 724 24
300 756 21
300 826 63
320 188 272
320 222 42631
320 340 12505
320 558 21200
320 840 38
340 222 12
340 840 8782
348 70 1515
348 100 43
348 191 199
348 203 23
348 233 5
348 250 89
348 276 60
348 428 1
348 440 17
348 470 2
348 616 2571
348 498 1065
348 642 501
348 688 854
348 703 12991
348 705 281
348 804 249
352 234 20
356 24 55
356 48 41
356 96 38
356 392 4
356 458 177
356 462 7
356 480 775
356 508 10
356 524 5462
356 512 103
356 586 20
356 682 37
356 702 74
356 144 16859
356 784 1555
356 840 143
360 158 42
360 392 192
360 422 6
360 458 19637
360 540 1
360 591 19
360 608 626
360 410 2
360 702 9773
360 752 8
364 31 17407
364 48 4
364 368 8665
364 398 21
364 414 804
364 634 155
364 643 6
364 795 905
364 784 5442
372 196 470
372 380 7
372 724 1172
372 826 169
376 40 1449
376 56 1453
376 208 39
376 250 17414
376 276 11480
376 372 25
376 380 408
376 528 3954
376 578 2969
376 643 584
376 752 9
376 756 3890
376 826 42129
380 8 8035
380 40 7099
380 56 14023
380 70 758
380 100 22
380 191 625
380 196 50
380 203 6917
380 208 3005
380 818 5
380 233 22
380 250 5947
380 276 152240
380 300 4737
380 348 467
380 372 7695
380 414 98
380 428 226
380 440 320
380 442 41
380 470 140
380 528 15109
380 578 412
380 512 283
380 616 7547
380 620 337
380 688 447
380 703 1411
380 705 1376
380 724 531
380 752 26
380 756 735
380 788 16
380 784 387
380 826 28230
392 344 56
392 158 7
392 408 81
392 410 147
392 702 1
400 12 15
400 48 900
400 414 2079
400 512 448
400 634 1242
400 682 22
400 784 2170
398 643 500
398 762 743
404 706 14
404 729 1
404 800 180
404 826 1
404 834 4
417 398 12157
417 643 220
417 860 16
428 196 2
428 233 3
428 578 1
428 591 2
428 498 91
428 643 1445
422 48 1752
422 400 7902
422 414 18006
422 512 6845
422 634 1792
422 682 19517
422 760 4
422 784 19077
440 31 41
440 428 1
440 498 29
440 643 7711
440 804 20
440 840 3
442 56 4736
442 70 271
442 196 100
442 250 155
442 276 106
442 528 124
442 807 158
442 688 628
442 705 288
450 174 1
458 96 2
458 360 77
458 528 29
458 608 73
458 702 597
458 764 19
470 528 6539
480 174 22
480 250 3
480 690 4
480 710 11
484 84 1478
484 76 1
484 170 1
484 840 7
484 862 380
504 56 1400
504 250 41171
504 276 4878
504 380 46
504 528 3655
504 578 5
504 620 901
504 643 1183
504 724 494
504 752 9
504 756 71
504 826 872
516 24 322
516 178 3
516 392 1
516 670 35
516 710 170
516 724 1
528 8 437
528 12 67388
528 24 1428
528 28 413
528 32 155
528 51 327
528 40 10707
528 31 268
528 44 69
528 48 325
528 50 120
528 52 6383
528 112 167
528 56 181559
528 84 170
528 204 137
528 70 5307
528 76 2432
528 96 289
528 100 3202
528 854 28
528 132 4708
528 344 628
528 170 1011
528 178 107
528 188 29
528 384 9037
528 191 7771
528 192 11896
528 196 5390
528 203 5573
528 180 50
528 208 6664
528 212 231
528 214 343
528 818 51224
528 226 11
528 233 193
528 234 207
528 246 1039
528 250 60290
528 266 258
528 270 6331
528 268 287
528 276 238400
528 288 569
528 300 13544
528 308 1062
528 324 80
528 624 180
528 328 7353
528 340 275
528 348 6152
528 352 564
528 356 155
528 368 525
528 372 688
528 376 9815
528 380 90888
528 388 10793
528 392 3
528 400 2729
528 398 162
528 414 491
528 417 55
528 428 285
528 422 9372
528 430 421
528 440 432
528 442 181
528 458 19582
528 466 113
528 470 974
528 478 12899
528 504 14629
528 807 2279
528 578 480
528 512 293
528 586 70
528 591 1602
528 608 25
528 616 64238
528 620 35847
528 410 1
528 498 547
528 642 2135
528 643 96102
528 659 185
528 662 174
528 670 603
528 678 3
528 682 2989
528 686 18394
528 688 5875
528 690 193
528 694 674
528 702 3976
528 703 6970
528 705 5730
528 724 55921
528 144 5807
528 729 426
528 740 7587
528 752 5252
528 756 16905
528 762 387
528 764 113
528 768 1847
528 780 22267
528 788 19474
528 792 7902
528 804 1493
528 784 1427
528 826 27873
528 840 101
528 858 952
528 860 5559
528 862 5259
554 76 15
554 96 353
554 344 502
554 184 232
554 242 19077
554 258 1524
554 458 13814
554 480 28
554 540 1214
554 570 6
554 512 192
554 586 39
554 608 27
554 882 875
554 690 1116
554 702 5810
554 90 20
554 776 173
554 798 13
554 826 80
554 548 197
807 8 65
807 100 102
807 191 1
807 642 19
807 643 19
807 688 1549
578 208 26
578 246 57
586 4 14020
586 344 201
586 156 26
586 458 595
586 462 65
586 104 26
586 512 207
586 634 43
586 682 25
586 702 184
586 144 70227
586 784 806
604 170 26
604 218 32
604 591 26
604 862 2765
616 44 147
616 112 1936
616 100 14705
616 498 19022
616 643 7395
620 24 389
620 56 388
620 132 896
620 384 16
620 208 10
620 218 14
620 250 1460
620 276 43
620 624 23
620 442 163
620 528 2247
620 678 88
620 724 1912
620 826 3655
634 48 14
634 364 12
410 156 27
410 643 16
498 643 12
642 100 80
642 116 1
642 268 1
642 340 1
642 348 110
642 470 16
642 498 16590
642 643 60
642 804 20
643 31 2878
643 268 124
643 276 12
643 398 10927
643 417 18
643 496 64
643 498 91
643 804 486
643 860 360
688 70 412
688 807 209
702 96 858
702 458 11887
702 104 2
702 144 16
702 764 2
703 100 5
705 100 10
710 24 8713
710 56 20
710 204 57
710 174 2
710 180 203
710 250 11
710 266 32
710 288 1
710 300 1
710 454 261
710 480 1986
710 508 7481
710 528 10
710 690 6
710 826 1
710 834 1
710 894 570
710 716 352
724 40 209
724 56 2906
724 70 199
724 132 50
724 191 215
724 203 2596
724 208 5758
724 226 6
724 233 65
724 246 505
724 250 26666
724 276 50010
724 324 36
724 348 94
724 372 657
724 380 123
724 428 101
724 440 62
724 478 68
724 504 25
724 528 13069
724 578 2163
724 616 5189
724 620 95149
724 643 100
724 705 502
724 724 2455
724 752 200
724 756 1678
724 826 23900
752 76 75
752 208 539
752 234 12
752 246 2119
752 428 33
752 440 104
752 578 1735
752 616 39
752 643 1
752 724 234
752 764 17
752 826 15
756 40 147
756 56 117
756 250 189
756 380 12
756 620 3
756 410 150
756 642 200
764 156 460
764 392 53
764 462 1
780 52 20
780 308 144
780 328 27
780 662 1
780 670 104
780 840 5
780 862 8
788 512 12
788 826 7
792 8 870
792 36 62
792 40 12
792 100 91
792 191 2989
792 196 146
792 203 501
792 276 138
792 300 123
792 348 20
792 364 5536
792 380 394
792 400 4405
792 414 24
792 470 3
792 807 33432
792 616 220
792 498 450
792 682 2442
792 688 1179
792 705 6007
792 804 556
826 12 3333
826 28 11
826 40 183
826 31 24
826 56 550
826 76 1
826 124 48
826 344 4
826 156 48
826 158 8
826 384 48
826 191 110
826 196 518
826 203 22
826 208 2753
826 818 14640
826 234 61
826 250 1726
826 276 3552
826 288 19
826 300 690
826 308 25
826 348 498
826 352 22
826 372 55137
826 376 2929
826 380 2896
826 440 628
826 470 239
826 480 14
826 484 34
826 504 20643
826 508 10
826 516 1
826 528 3967
826 566 52
826 578 3218
826 608 150
826 616 482
826 620 6028
826 659 30
826 662 6
826 682 347
826 702 73
826 703 48
826 705 749
826 710 1
826 724 46134
826 752 6369
826 756 38
826 760 306
826 764 3673
826 788 69
826 792 2129
826 804 40
826 840 1006
834 276 2700
834 404 2291
834 710 1
834 826 18
840 31 19
840 44 89
840 52 106
840 84 57
840 76 18
840 96 31
840 124 256422
840 152 7
840 344 2946
840 158 1596
840 170 4
840 188 844
840 214 268
840 222 416
840 250 186
840 276 235
840 320 109
840 360 68
840 376 60
840 388 916
840 392 136
840 458 1922
840 484 47520
840 528 172
840 591 346
840 608 133
840 410 140
840 643 39
840 662 23
840 682 410
840 702 4501
840 724 7
840 752 37
840 764 2063
840 780 120
840 826 1503
840 858 164
840 862 338
858 32 28
862 170 114
