0 1 5937
2 3 36
2 4 1549
2 5 21
2 6 641
2 7 224
2 8 405
2 9 208
2 10 56
2 11 10
12 13 111
12 14 42
12 15 11542
12 16 128
17 18 49
17 19 18
17 10 342
20 21 39
20 22 7
20 23 25
20 24 22
20 25 48
20 26 18
20 27 56
20 28 2188
20 29 79
20 30 116
20 31 11
20 32 21
20 33 13
34 35 107
34 5 1
34 36 1107
34 37 3
34 38 523
34 39 12356
34 40 2247
34 41 174
34 42 3
34 43 1557
34 44 817
34 45 297
34 46 1727
34 47 1
34 48 444
34 49 158
34 50 19
51 52 1
51 10 40278
53 54 64
53 55 287
53 56 16
57 58 2
57 59 14
60 61 6
60 10 17653
35 34 958
35 4 1
35 62 164
35 23 1
35 63 4
35 36 9249
35 64 3
35 37 53
35 65 45
35 66 52
35 38 49701
35 39 59762
35 6 3562
35 40 348
35 67 20
35 41 4386
35 68 4
35 61 44
35 69 10
35 70 3495
35 43 25674
35 44 3288
35 19 154
35 10 15341
35 45 2588
35 46 550
35 47 3930
35 48 110
35 49 95
35 71 26
35 50 8928
35 72 2
3 5 538
3 41 4
3 73 81
3 46 17
74 75 97
13 12 3338
13 38 20
13 15 12
13 16 191
4 36 35
4 38 56
4 39 283
4 6 411
4 40 23
4 61 91
4 69 618
4 44 589
4 9 2326
4 10 330
4 71 34
76 77 539
76 78 12390
22 79 23
62 23 3
62 80 1
62 38 10
62 81 156
62 82 5
62 72 166686
14 12 461
14 50 9
14 16 313
23 83 31
23 84 1
84 23 20435
84 83 1424
84 85 29
84 52 8431
84 86 167
84 87 5
84 26 42
84 88 5065
84 10 66446
84 89 5
84 31 221
84 90 1838
80 23 2
91 38 33
92 91 10
92 93 1
92 94 231
92 95 450
92 82 280
92 50 14
92 72 876
5 3 27
5 41 3
5 46 86
63 6 1
36 34 14
36 39 23
36 40 78
36 43 35
36 44 82
36 9 165
36 45 13207
36 47 15
37 96 128
37 38 152
37 39 1
37 41 1
37 43 7
37 97 77
37 47 5
37 48 1342
98 91 3177
98 72 1
65 66 32
65 61 90
65 69 13
65 8 20
65 97 2
99 53 18
99 100 7916
99 101 8
99 19 9
99 55 35
99 102 3181
99 103 246
99 56 193
66 65 169
66 61 1
66 10 3
66 48 2
38 34 1792
38 35 17178
38 4 21
38 36 10957
38 37 2148
38 65 574
38 66 544
38 104 1
38 105 5
38 39 67375
38 6 46
38 40 1420
38 106 315
38 41 14686
38 61 532
38 69 232
38 70 1129
38 43 15787
38 97 615
38 44 15865
38 107 407
38 9 105
38 10 2783
38 45 345
38 46 70
38 47 12310
38 48 4493
38 49 6932
38 56 2
38 50 12210
108 109 17
108 110 1
108 111 6
108 112 4
18 51 16
18 60 123
18 52 19
18 113 3
39 34 3903
39 35 258
39 4 25
39 5 5
39 36 811
39 37 1008
39 65 122
39 66 2207
39 38 2441
39 6 291
39 40 9
39 41 7357
39 61 34
39 70 100
39 43 3302
39 97 16
39 44 2983
39 107 2
39 9 207
39 10 2
39 45 1
39 47 317
39 48 2543
39 49 1548
39 50 35
78 76 2
78 72 2
6 2 1227
6 60 19
6 35 133
6 4 3918
6 63 182
6 36 4
6 38 56
6 18 5
6 39 214
6 40 10
6 52 1
6 7 37
6 43 11
6 8 149
6 44 411
6 113 6
6 9 205
6 10 187
6 73 17
6 49 1
6 11 112
6 71 393
6 50 10
114 93 25800
114 114 92
114 94 294
114 95 148
114 45 14
114 72 5374
115 57 307
115 38 1
40 34 251
40 36 124
40 39 1544
40 41 29
40 69 19
40 43 693
40 44 254
40 9 1268
40 10 44
40 45 1739
40 46 22
40 47 169
40 71 58
40 50 19
116 53 442
116 117 19726
116 118 23
116 119 126
116 120 1915
116 121 3221
116 28 3
116 54 2204
116 1 3770
116 19 20
116 55 2261
116 122 51
116 123 1
116 56 33773
116 50 11
25 21 15
25 26 65
25 30 533
25 32 4
124 0 2986
124 17 48
124 51 3924
124 53 6
124 125 5
124 38 17
124 126 251656
124 52 205
124 119 130
124 1 42
124 19 20
124 113 1
124 10 2822
124 55 254
124 127 39
124 89 9
124 11 801
124 128 365
124 71 18
124 56 1427
106 39 4
106 43 13
106 47 19
106 50 1037
67 34 1578
67 35 148
67 62 7
67 23 253
67 63 213
67 37 518
67 66 1312
67 38 573
67 39 4158
67 6 148
67 41 14
67 52 166
67 43 10529
67 97 695
67 44 2
67 10 8086
67 46 2912
67 48 472
67 49 175
67 71 9
67 50 3853
67 72 1003
41 2 374
41 34 19007
41 60 25
41 35 1002
41 3 4
41 4 159
41 62 4
41 23 14
41 5 563
41 63 74
41 36 2509
41 37 3816
41 65 18
41 66 2
41 38 8852
41 18 2
41 39 40855
41 6 2365
41 40 2361
41 106 48
41 67 60
41 81 17
41 61 50
41 69 81
41 70 34
41 42 633
41 7 22
41 43 9588
41 97 444
41 44 4790
41 129 1
41 113 14
41 9 6733
41 10 251
41 73 45
41 45 617
41 46 6430
41 75 24
41 47 325
41 48 246
41 49 4829
41 71 6
41 56 1
41 50 11539
41 72 2
81 23 1
81 10 1
68 51 292
68 53 15249
68 3 34
68 4 2073
68 18 56
68 6 35
68 40 149
68 126 108795
68 67 412
68 119 32614
68 130 7190
68 54 12020
68 19 32104
68 113 21
68 9 4294
68 10 719
68 45 59
68 48 120
68 127 68893
68 71 233
68 56 85895
131 132 2
131 38 6
131 103 6
131 133 1
131 50 9
131 134 9
86 52 396
86 10 8647
86 56 4
61 63 9
61 65 739
61 6 20
61 52 1
61 69 971
61 43 1
61 44 32
61 10 123
130 53 65
130 135 1
130 136 10
130 38 1
130 126 12
130 68 28
130 119 761
130 54 42
130 19 155
130 55 557
130 127 26
130 71 12
130 56 265
130 50 3
69 60 902
69 61 1576
69 10 29985
69 47 24
69 50 3
70 35 50
70 38 283
70 39 31
70 78 1
70 101 2
137 132 21
138 74 1
26 21 20
26 23 12
26 80 1
26 25 25
26 120 3
26 19 181
26 55 35
26 30 28574
26 31 807
26 56 1740
139 62 22355
139 93 7079
139 81 52
139 43 13
139 72 1.48012e+06
7 3 543
7 9 20
7 73 110
140 141 7
140 142 2
140 35 39
140 62 277
140 136 521
140 63 2
140 36 138
140 38 281837
140 39 2194
140 6 1
140 40 49
140 143 1
140 41 2970
140 144 1
140 145 25
140 111 19
140 42 3
140 146 5907
140 43 12470
140 147 28
140 97 292
140 82 5
140 44 94
140 9 33
140 10 18003
140 55 431
140 112 1389
140 45 2006
140 47 18799
140 49 6112
140 11 1
140 56 82
140 50 17802
43 34 10123
43 53 4
43 60 2439
43 35 25845
43 3 4
43 4 166
43 62 316
43 23 47
43 5 1157
43 63 682
43 36 29448
43 37 21113
43 65 5281
43 66 13537
43 38 37602
43 105 2
43 18 1
43 39 396896
43 78 1
43 6 9490
43 40 4364
43 143 596
43 106 21315
43 41 38189
43 52 11
43 119 10
43 61 6308
43 130 1
43 145 5
43 69 7599
43 70 424
43 26 1
43 42 585
43 7 2
43 101 1
43 8 2
43 97 16398
43 54 1
43 44 29639
43 107 92
43 19 23
43 113 55
43 9 2167
43 10 7462
43 55 13
43 73 105
43 30 34
43 45 4638
43 46 3056
43 47 21183
43 48 50753
43 49 4688
43 11 131
43 71 1458
43 56 54
43 50 166320
43 72 1136
28 20 2469
28 62 245
28 23 91
28 80 38
28 148 10
28 24 25
28 104 162
28 81 530
28 27 219
28 149 16
28 30 17
28 31 6
28 150 1
28 50 2
28 72 217
95 93 3946
95 94 56
147 77 20
147 101 16
8 2 30
8 34 42
8 60 331
8 3 4722
8 4 9580
8 5 1315
8 36 628
8 6 5522
8 40 165
8 41 21
8 61 134
8 69 29
8 7 2286
8 44 141
8 113 154
8 9 1613
8 10 1334
8 55 280
8 73 18163
8 45 44
8 46 1222
8 48 6
8 11 332
8 71 439
8 50 3
97 37 35
97 43 9
97 44 157
54 53 29
54 119 170
54 19 53
54 55 225
54 151 18
54 127 25
54 56 4442
54 72 1
1 0 5290
1 124 1
1 55 8
152 13 5
152 47 9
44 34 876
44 60 565
44 35 1
44 4 19
44 63 4
44 36 6358
44 37 33
44 65 633
44 66 444
44 38 1778
44 39 4730
44 6 1322
44 40 701
44 106 49
44 41 458
44 52 3
44 61 411
44 69 1681
44 43 930
44 97 144
44 113 6
44 9 2589
44 10 24198
44 45 1545
44 46 5
44 47 704
44 48 2249
44 71 8707
44 50 10756
107 153 17
107 154 82
107 38 2082
107 39 2
107 41 20
107 70 70
107 44 146
107 47 76469
107 50 1910
129 23 30
129 81 1034
129 10 5
129 47 1
129 72 1
113 60 2887
113 9 163
113 10 1870
9 4 584
9 36 29
9 40 104
9 41 489
9 44 118
9 113 31
9 47 10
10 17 17
10 4 30
10 52 153
155 134 2
112 35 285
112 38 2568
112 39 2535
112 41 226
112 43 1299
112 50 1672
73 60 19
73 3 920
73 4 1157
73 5 21
73 36 18
73 38 8
73 6 259
73 8 634
73 44 13
73 113 19
73 9 864
73 10 1911
73 46 4
30 21 69
30 84 1
30 25 7
30 26 4
30 120 1
30 156 1
30 151 3
45 34 251
45 36 1654
45 39 39
45 40 2305
45 44 5
45 9 17
45 46 5
45 47 22
46 34 340
46 3 872
46 5 1556
46 36 14
46 37 44
46 39 1104
46 40 10
46 41 411
46 7 103
46 43 4665
46 8 4
46 44 75
46 113 17
46 9 206
46 73 304
46 45 110
46 47 157
46 71 41
46 50 696
75 153 214
75 91 3
75 135 13
75 136 1
75 64 46
75 38 8
75 105 6
75 39 1
75 138 7
75 157 6
75 158 17494
75 101 2
75 29 18
75 151 60
75 159 42
75 160 2344
47 34 5591
47 60 477
47 35 16136
47 4 507
47 154 228
47 62 343
47 136 35
47 5 487
47 36 24893
47 37 8775
47 79 2
47 65 1868
47 66 5143
47 38 127339
47 39 156903
47 6 246
47 40 5813
47 143 3
47 106 4494
47 41 23708
47 61 1564
47 145 94
47 69 9389
47 70 93
47 42 28
47 146 2
47 7 7
47 43 101353
47 97 2440
47 44 36550
47 107 31398
47 113 146
47 9 1348
47 10 7915
47 55 7
47 73 25
47 45 4719
47 46 1455
47 47 49
47 48 15201
47 49 5272
47 71 219
47 50 136482
122 56 1
123 38 18
48 37 336
48 66 9
48 39 4
48 43 16
48 97 12
49 34 1
49 38 63
49 39 30
49 41 11
49 43 10
127 2 414
127 53 1958
127 118 78
127 18 104
127 126 151179
127 68 537
127 119 34602
127 130 10964
127 8 158
127 54 8508
127 44 206
127 19 4069
127 113 742
127 9 764
127 10 3650
127 55 174637
127 73 142
127 45 113
127 11 128
127 71 3046
127 56 9464
31 117 1
31 23 24
31 25 1
31 87 1
31 120 1
31 30 400
161 57 492
161 59 1
162 163 18
162 53 2
162 35 25
162 62 4
162 99 1
162 38 12615
162 39 1
162 41 291
162 119 5
162 164 1376
162 139 19
162 43 297
162 19 87
162 55 5
162 56 32
11 2 1108
11 34 1652
11 51 11648
11 60 5938
11 35 112
11 3 6733
11 4 65541
11 5 5776
11 63 1776
11 36 3048
11 37 775
11 65 426
11 38 1025
11 18 6565
11 39 14481
11 6 790
11 94 6065
11 40 1310
11 126 11167
11 41 402
11 52 39
11 119 97
11 61 1327
11 43 3006
11 8 768
11 97 67
11 44 11522
11 19 22
11 113 7294
11 9 44584
11 10 302484
11 55 17729
11 45 1061
11 46 1988
11 47 19
11 48 568
11 49 350
11 127 22
11 128 38
11 71 33635
11 56 138
11 50 792
133 131 5
71 60 4487
71 165 1
71 52 20
71 82 1
71 44 3
71 113 45
71 10 52767
71 166 1
71 30 1
71 45 2
50 96 15
50 38 821
50 39 22
50 106 2303
50 43 279
50 44 6
50 47 1
50 56 1166
134 131 1764
134 119 2
72 141 12
72 20 45
72 142 879
72 57 96
72 62 190547
72 23 94
72 80 15
72 91 36
72 167 3
72 93 3
72 114 358
72 144 5
72 81 1731
72 139 29085
72 82 28
72 19 2
72 129 90
72 58 16
72 59 1
72 30 41
72 123 5
72 161 586
159 64 7
160 158 1
