0 1 1
0 2 217680
3 4 808
3 5 20
3 6 9032
3 7 8206
3 8 868
3 9 78
3 10 7
3 11 78
3 12 118
3 13 36
3 14 5388
3 15 63
3 16 3841
3 17 58
3 18 52
3 19 39
3 20 4196
3 21 29
3 2 23
3 22 65
3 23 60
3 24 4787
3 25 16221
3 26 13
3 27 840
3 28 149
3 29 38
30 12 3
30 31 43
30 32 15
33 34 890
33 35 8217
33 36 117
37 38 1
37 39 24475
37 32 8
40 41 25
40 42 90
40 43 3
40 44 34
40 45 8
40 46 16
40 47 7
40 48 11
40 49 55
40 50 186
40 51 13
40 52 258
40 53 1
40 54 4
4 8 148
4 9 1535
4 12 77
4 13 5454
4 15 752
4 16 296
4 19 966
4 22 474
4 24 16
4 26 495
4 27 3742
4 31 2
4 28 57
4 29 64
4 55 1
56 5 18
56 11 36
56 57 55
56 58 55
56 59 129
56 22 46
56 60 8
56 39 172877
56 61 935
56 32 389
62 32 10
63 47 39
63 64 20
63 52 4
65 66 1
5 17 18
5 23 160
5 39 57883
5 61 385
67 4 400
67 5 1075
67 7 11
67 42 3
67 8 59
67 68 19
67 9 4565
67 10 381
67 11 96
67 69 334
67 12 66700
67 13 64542
67 14 1495
67 70 14
67 16 10650
67 59 7
67 17 168
67 71 2
67 18 306
67 72 4365
67 19 59726
67 22 2615
67 73 802
67 60 1
67 24 107
67 39 1380
67 25 21
67 26 993
67 31 12324
67 28 930
67 29 1024
67 32 1
67 55 16368
74 29 1
6 8 760
6 75 23
6 25 1
76 77 5
34 78 1
34 33 269
34 79 10
34 62 2
34 65 1
34 80 1
34 42 30
34 81 5
34 68 8
34 10 3
34 12 1
34 13 3
34 14 13
34 82 3
34 38 1
34 16 2
34 83 4
34 84 1
34 71 1
34 85 37
34 86 23
34 87 40
34 19 1
34 21 5
34 88 37
34 35 261
34 89 2
34 73 3
34 52 19
34 90 3
34 55 4
34 91 4
34 36 45
7 4 64
7 67 17
7 8 108
7 68 1
7 9 1025
7 13 679
7 14 22
7 15 1795
7 86 1
7 19 145
7 22 484
7 24 4746
7 26 73
7 55 130
92 42 55
92 81 5
92 93 321
92 12 30
92 83 1636
92 91 174739
80 55 6
42 94 19
81 5 7
81 95 2
81 42 67463
81 94 4054
81 96 72
81 59 6721
81 97 994
81 98 47
81 47 90
81 99 1
81 100 2576
81 89 4
81 39 70403
81 52 11
81 101 866
81 91 13
81 102 43106
93 42 74
93 94 3
93 52 4
103 12 245
104 105 8
104 12 36
104 106 6
107 108 2
8 6 147
8 7 285
8 9 1130
8 13 1122
8 15 45
8 16 199
8 75 2
8 20 20
8 24 256
8 25 565
8 26 5
8 27 1315
8 31 259
68 13 1
68 14 4
9 4 1
9 7 12
9 8 43
9 12 4
9 13 11
9 15 57
9 70 130
9 18 7
9 19 34
9 22 295
9 24 240
9 26 6062
9 28 7
10 67 1
10 42 1
10 109 159
10 69 6
10 13 20
10 110 140
10 19 30
10 21 28
10 22 18
10 31 3
10 28 259
111 62 3440
111 5 56
111 67 3
111 7 18
111 112 24
111 13 20
111 14 25
111 15 18
111 58 7991
111 16 32
111 113 4173
111 71 55
111 114 731
111 99 4
111 115 4
111 19 1738
111 116 1
111 117 919
111 24 66
111 39 2413
111 64 35877
111 118 1
111 28 17
111 119 6206
111 120 162
111 90 27132
111 61 84
111 32 15865
111 55 330
11 69 80
11 17 238
11 18 92
11 21 3
121 122 7
69 11 421
12 4 6602
12 67 9678
12 123 1
12 7 15
12 124 1
12 125 3
12 42 13
12 126 2
12 107 2
12 8 1
12 9 11731
12 10 4170
12 112 3
12 11 341
12 69 2310
12 127 9
12 13 61038
12 14 2
12 15 20
12 70 197
12 16 20052
12 17 12
12 18 1028
12 72 1671
12 86 48
12 19 26962
12 21 897
12 22 18773
12 73 48
12 23 6
12 24 406
12 64 2
12 128 6
12 52 10
12 26 1033
12 27 161
12 31 26911
12 28 10095
12 29 8486
12 101 1
12 61 584
12 32 35
12 55 21809
57 37 61
57 5 70
57 17 49
57 23 36
57 39 1668
57 61 316
13 4 5544
13 67 141
13 7 59
13 8 321
13 68 8
13 9 676
13 10 1470
13 11 1
13 69 3442
13 12 688
13 15 17
13 16 115
13 17 3
13 18 47
13 72 196
13 99 13
13 19 1121
13 21 2
13 22 1459
13 73 2
13 24 130
13 26 89
13 27 269
13 31 188
13 28 1475
13 29 317
13 55 50
129 67 1
129 130 3
129 122 1
129 55 1
129 91 23
14 3 544
14 4 90
14 67 41
14 7 29536
14 8 13
14 68 904
14 9 1
14 10 1
14 12 10
14 13 115
14 15 47
14 16 24
14 17 5
14 18 1
14 75 41
14 19 5
14 20 295
14 22 15
14 24 2454
14 25 1093
14 52 9
14 26 8
14 31 67
14 28 4
14 55 53
14 91 88
131 92 598
131 105 44733
131 106 313
131 132 117
131 91 8956
133 65 18
106 105 52269
15 4 1324
15 9 215
15 13 585
15 24 1931
15 26 2342
15 61 2
82 0 474
82 62 13
82 63 33386
82 123 5
82 134 124
82 47 1
82 99 1561
82 77 1
82 135 18965
82 117 1514
82 60 7775
82 64 68
82 52 17
82 32 15686
46 83 20
46 52 188
70 13 10
70 19 111
70 55 608
136 42 511
136 19 10
136 39 115
136 27 32
136 90 21
16 3 1133
16 4 10624
16 62 1
16 67 199
16 6 39
16 7 47
16 42 5
16 8 2552
16 68 3
16 9 2179
16 10 1445
16 11 11
16 69 1
16 12 5310
16 13 12713
16 14 1001
16 15 655
16 110 4
16 70 101
16 17 149
16 18 705
16 72 78
16 86 956
16 75 18
16 19 676
16 21 10
16 22 2063
16 23 19
16 24 2094
16 25 213
16 52 8
16 26 905
16 27 3461
16 31 569
16 28 262
16 29 5603
16 32 45
16 55 3941
83 42 19
83 52 6
83 101 1
84 62 28504
84 58 4907
84 136 11
84 113 57096
84 71 96
84 117 22097
84 60 8
84 64 84280
84 90 1115
84 32 41637
84 137 5
59 39 19776
59 138 3
139 19 1
139 140 35
139 141 1
139 142 9
97 59 460
97 100 1
97 39 789
97 32 1
17 5 28
17 11 3668
17 18 1208
17 19 1
17 55 2
71 5 20
71 107 7
71 12 1
71 60 96
71 64 261
71 32 141
18 5 7073
18 11 134
18 13 5
18 59 4
18 17 1620
18 19 54
18 22 74
18 39 964
18 31 120
18 55 10
72 56 3
72 67 100
72 12 347
72 13 187
72 129 3
72 130 1
72 116 2
143 144 23
143 12 2
47 62 128
47 41 1563
47 42 148
47 99 32
47 117 138
47 60 11
47 64 5
47 52 35500
47 101 511
47 32 5800
108 107 658
145 92 4005
145 83 723
145 32 4
145 91 1.85302e+06
75 6 2
146 62 40
146 5 19
146 67 1134
146 34 25
146 134 52
146 92 42
146 107 8
146 10 4
146 12 346941
146 13 2124
146 147 1
146 148 2
146 15 1
146 16 1835
146 84 1
146 113 104
146 85 5
146 18 203
146 108 354
146 149 15610
146 19 38329
146 130 70
146 117 29
146 22 36
146 73 2641
146 60 689
146 24 19
146 39 52195
146 64 3414
146 128 6145
146 150 1
146 27 128
146 31 49401
146 28 1709
146 29 1676
146 61 18
146 32 263
146 55 62551
77 122 1814
19 78 7
19 4 10073
19 56 1
19 79 1
19 62 118
19 65 7
19 5 9272
19 67 35115
19 6 151
19 34 2
19 7 611
19 92 28
19 42 1065
19 8 5639
19 68 372
19 9 25717
19 151 2
19 10 21562
19 111 19
19 152 2
19 11 5835
19 109 16
19 69 15572
19 12 38801
19 57 2
19 13 436097
19 129 26
19 14 1376
19 15 974
19 110 1368
19 82 67
19 58 32
19 70 14589
19 16 53632
19 83 683
19 84 130
19 59 34
19 113 839
19 17 7098
19 71 120
19 85 1
19 18 8618
19 72 294
19 99 22
19 86 1200
19 75 4
19 116 45
19 21 17833
19 117 297
19 22 56937
19 73 3254
19 60 1233
19 153 6
19 23 843
19 24 9212
19 39 4142
19 154 1
19 64 1065
19 25 573
19 118 6
19 52 898
19 26 3284
19 27 2196
19 31 31844
19 155 1
19 28 59426
19 29 4124
19 101 4
19 61 493
19 32 2942
19 55 187870
19 91 7
19 156 1
50 40 950
50 92 225
50 42 88
50 93 16
50 43 16
50 44 143
50 45 113
50 83 1323
50 157 1
50 49 232
50 158 1
50 159 37
50 101 24
50 160 51
50 91 79
50 54 12
132 105 1399
130 107 38
116 122 1
116 32 1
20 5 40
20 6 2328
20 7 2236
20 8 711
20 9 34
20 13 19
20 14 413
20 75 743
20 21 2
20 22 178
20 24 52
20 39 3050
20 25 7466
20 27 213
20 28 21
20 29 4
20 61 40
21 19 4
21 28 1
117 144 12
117 60 151
117 64 164
117 32 16162
2 0 19461
2 32 1
2 138 82
161 80 1944
22 4 969
22 5 10422
22 67 92
22 7 1941
22 8 292
22 9 5466
22 10 236
22 11 497
22 69 576
22 12 6828
22 13 11557
22 14 1348
22 15 371
22 70 285
22 16 3575
22 17 1455
22 18 2208
22 72 1
22 19 2352
22 21 430
22 73 7
22 23 4
22 24 844
22 64 15
22 25 50
22 26 403
22 27 61
22 31 3893
22 28 1417
22 61 5897
22 55 9057
73 162 11
73 4 22
73 67 354
73 163 146
73 68 4
73 9 23
73 11 1
73 12 3377
73 13 87
73 15 47
73 16 70
73 72 108
73 19 4247
73 22 1070
73 31 80251
73 29 19
73 55 9
153 42 19
153 93 139
153 46 1
153 83 5047
153 157 1
153 47 1
153 39 25
153 52 3
24 7 229
24 9 2
24 12 10
24 13 1
24 15 3
24 70 3
24 16 9
24 17 18
24 19 4
24 22 340
24 23 808
24 64 21
24 26 4
24 31 132
24 32 1
24 55 18
39 5 1100
39 82 1
39 59 30
39 100 47
39 23 60
39 61 16300
128 12 1299
128 13 789
128 19 4786
128 31 809
128 55 650
25 5 18
25 6 1528
25 7 55
25 8 793
25 12 67
25 14 1733
25 75 3936
25 24 170
25 39 133
25 26 19
25 27 278
25 31 11
52 41 48
52 95 1
52 46 20
52 47 19
52 89 1
52 153 1
26 4 10
26 7 157
26 9 2854
26 13 19
26 15 2089
26 16 275
26 18 13
26 86 2
26 31 37
27 4 644
27 6 814
27 8 1074
27 13 299
27 15 70
27 16 205
27 86 2
27 75 234
27 19 22
27 23 25
27 24 1
27 25 1163
27 26 78
27 31 45
27 61 1
27 55 4
122 162 85
122 76 4055
122 107 5
122 151 30
122 121 1565
122 164 10
122 165 3839
122 166 59
122 1 11911
122 77 1328
122 116 9
122 60 1
122 32 2
122 167 5
122 91 1
122 156 7
122 168 9
31 4 8702
31 5 524
31 67 9756
31 6 38
31 7 2985
31 163 299
31 42 5
31 8 1785
31 68 115
31 9 16702
31 10 12484
31 152 5
31 11 1769
31 69 7341
31 12 114802
31 127 3
31 13 181717
31 14 1219
31 15 8040
31 70 8172
31 16 43187
31 17 6668
31 18 6591
31 72 151
31 86 64
31 146 1
31 19 85624
31 21 4140
31 22 66303
31 73 25599
31 60 1
31 23 280
31 24 18387
31 64 39
31 25 503
31 52 2
31 26 7106
31 27 1655
31 28 18567
31 29 8363
31 61 89
31 32 29
31 55 103836
31 91 91
28 10 336
28 69 5
28 13 50
28 18 1
28 19 33
28 21 30
29 4 76
29 67 4
29 12 5
29 19 4
29 39 57
29 31 4
119 39 121
119 64 61151
119 32 6954
101 95 1
101 42 3
101 98 764
101 47 2
101 169 309
101 52 169
170 66 1
120 62 12
120 10 5
120 12 1156
120 13 4398
120 58 1
120 16 896
120 84 4
120 113 72
120 114 1825
120 19 10141
120 117 7
120 60 126
120 39 496
120 64 164
120 32 397
120 55 17
90 3 897
90 4 1760
90 56 26
90 62 71
90 5 8141
90 67 33
90 6 8816
90 7 32257
90 42 1
90 8 1653
90 68 1433
90 9 163
90 10 11
90 11 41
90 12 118
90 57 16853
90 13 6858
90 14 2126
90 147 16
90 15 2104
90 38 202
90 58 72190
90 136 38984
90 16 48
90 59 128
90 113 318
90 17 542
90 18 94
90 99 59
90 75 603
90 19 5273
90 20 2197
90 21 6
90 117 721
90 22 7399
90 60 6682
90 23 10284
90 24 38783
90 39 96800
90 64 33859
90 25 2542
90 118 640
90 26 44
90 27 94
90 31 40
90 28 71
90 29 92
90 119 55402
90 61 63449
90 32 10229
90 55 89
32 0 492
32 62 505
32 63 5
32 81 2
32 112 2
32 111 2
32 164 4
32 12 5
32 82 73
32 38 10
32 16 2
32 84 160
32 139 1
32 113 104
32 71 2
32 47 113
32 99 5
32 169 1
32 117 494
32 2 8
32 89 5
32 64 419
32 91 4
55 67 34
55 7 7
55 9 40
55 12 16
55 14 172
55 70 2160
55 19 380
55 117 24
55 22 61
55 73 165
55 31 223
55 32 1078
167 144 7
167 166 9
167 21 1
167 171 188
167 29 1
91 78 9
91 33 21
91 79 340
91 65 28
91 34 2
91 92 192039
91 42 21
91 93 31
91 103 26
91 104 29
91 172 25
91 173 4
91 105 1
91 45 4
91 70 28
91 136 13
91 174 2
91 83 437
91 18 7
91 145 1890
91 19 1
91 132 1
91 89 2
91 153 961
91 154 4
91 170 382
91 55 2
91 175 3
168 1 157
