8 40 2
8 70 28
8 100 3
8 191 5
8 208 2
8 300 1
8 807 4
8 642 3
8 688 18
12 124 1
12 250 4
12 784 1
51 643 778
36 344 2
36 458 1
36 520 3
36 702 1
40 56 6
40 203 4
40 250 126
40 276 2651
40 348 4
40 380 13
40 528 367
40 616 4
40 703 26
40 705 93
40 724 1
40 752 16
40 756 26
31 268 107
31 634 2
31 643 431
31 804 14
50 112 1128
50 124 2
50 458 5
50 634 180
50 702 95
50 784 1
112 643 4624
56 40 20
56 124 5
56 196 3
56 203 31
56 208 6
56 250 2662
56 276 1875
56 380 7
56 440 1
56 442 424
56 528 2653
56 616 14
56 724 23
56 752 5
56 756 43
56 826 2151
76 32 102
76 44 3
76 48 1
76 344 17
76 156 4
76 196 5
76 208 1
76 276 1
76 300 6
76 356 1
76 380 2
76 392 2
76 430 17
76 470 8
76 584 18
76 578 3
76 591 18
76 608 1
76 620 1
76 702 9
76 792 1
76 826 3
76 840 1
100 40 1
100 203 8
100 276 36
100 300 4
100 348 8
100 642 561
100 752 5
100 826 3
854 250 69
116 250 2
120 56 52
120 250 24
124 250 1
124 840 2408
156 344 10185
156 446 1404
156 408 36
156 398 384
156 417 58
156 458 3
156 462 1
156 496 12
156 643 4206
156 702 5
156 704 206
158 702 3
188 558 3
384 56 2
384 250 4
384 840 45
191 348 1
191 705 7
203 56 19
203 250 4
203 276 1
203 528 2
203 616 21
203 642 1
203 703 107
208 234 3
208 528 2
208 752 27
212 28 5
818 36 27
818 48 9
818 56 3
818 124 1
818 152 1
818 250 1
818 276 23
818 300 24
818 368 5
818 380 14
818 400 49
818 404 4
818 414 326
818 434 230
818 462 12
818 480 35
818 528 1
818 512 25
818 642 1315
818 643 492
818 682 691
818 690 100
818 752 4
818 756 1
818 788 20
818 792 22
818 800 2
818 804 94
818 784 125
818 826 2
818 840 1
233 246 13
233 428 1
748 710 2
242 124 5
242 520 1
242 554 394
246 233 1
250 40 8
250 56 337
250 100 3
250 344 1
250 203 17
250 208 2
250 233 1
250 246 2
250 276 506
250 348 2
250 372 14
250 380 1087
250 440 3
250 442 146
250 528 42
250 578 96
250 616 1
250 620 3
250 498 7
250 642 1
250 703 1
250 705 1
250 724 397
250 752 2
250 756 1650
250 804 94
250 826 352
268 51 665
268 428 1
268 643 182
268 804 33
276 40 334
276 56 44
276 191 66
276 203 11
276 208 120
276 246 111
276 250 282
276 348 9
276 380 10
276 428 1
276 440 57
276 442 15
276 528 163
276 616 78
276 642 10
276 703 1
276 705 22
276 724 22
276 752 105
276 756 212
276 826 11
288 124 1
288 528 2
288 826 6
288 840 35
300 8 85
300 40 1
300 100 1188
300 196 57
300 203 5
300 250 1
300 276 138
300 348 19
300 380 46
300 428 2
300 499 10
300 528 20
300 807 56
300 616 10
300 642 205
300 688 132
300 703 1
300 752 1
300 756 7
300 826 1
320 222 10
320 340 61
320 558 13
328 124 37
328 840 4
340 124 85
340 380 30
340 724 11
340 840 12312
348 40 18
348 203 1
348 642 5
348 804 11
356 462 12
356 826 1
360 392 34
360 458 10
360 528 3
360 702 15
372 528 3
372 826 2
376 276 3
376 528 4
376 643 1724
376 705 15
376 804 3
376 826 65
380 8 2
380 40 1045
380 56 82
380 70 14
380 191 473
380 203 19
380 208 13
380 233 2
380 250 677
380 276 812
380 300 178
380 348 60
380 372 6
380 428 1
380 440 89
380 442 12
380 470 112
380 528 58
380 616 74
380 498 2
380 642 116
380 688 31
380 703 15
380 705 444
380 724 86
380 752 29
380 756 210
380 784 3
380 826 130
392 344 2
400 48 588
400 368 1
400 376 816
400 414 2590
400 512 10
400 634 22
400 682 94
400 784 59
398 643 1690
404 250 13
404 276 13
404 578 51
404 706 23
404 752 2
404 826 408
417 398 36
417 643 54
428 233 94
428 440 48
422 112 52
422 56 1
422 384 1
422 250 1
422 634 220
422 682 8
422 752 1
422 784 69
440 112 4391
440 428 45
440 528 8
440 643 173
440 724 2
442 56 9
442 250 41
442 276 12
450 250 1
458 96 348
458 276 13
458 462 1
458 702 8884
458 826 1
484 124 625
484 276 300
484 528 203
484 826 286
484 840 73160
504 76 15
504 124 15
504 250 172
504 276 23
504 348 1
504 380 3
504 478 1423
504 528 33
504 512 1
504 620 2
504 643 15
504 724 254
504 756 1
504 784 15
504 826 2
528 28 1
528 40 703
528 44 1
528 48 1
528 112 477
528 56 4699
528 100 50
528 124 164
528 344 31
528 191 15
528 196 2
528 203 595
528 208 1804
528 233 255
528 234 1
528 246 1046
528 250 4543
528 268 1
528 276 21408
528 300 110
528 348 56
528 352 102
528 368 1
528 372 761
528 380 693
528 428 148
528 440 323
528 442 21
528 462 1
528 470 23
528 499 1
528 578 960
528 512 9
528 616 1586
528 620 2
528 634 30
528 498 52
528 642 510
528 643 5
528 682 17
528 688 53
528 690 1
528 702 2
528 703 125
528 705 1
528 724 241
528 144 2
528 752 3239
528 756 444
528 804 129
528 784 167
528 826 13353
528 840 1855
807 70 105
807 100 31
807 191 431
807 300 118
807 578 1
807 642 25
807 643 243
807 688 88
807 703 67
807 705 32
807 752 4
512 784 1424
616 40 49
616 112 2076
616 56 1
616 191 1
616 203 348
616 208 13
616 233 102
616 246 10
616 250 93
616 276 174
616 380 10
616 428 235
616 440 153
616 496 27
616 528 14
616 578 75
616 498 68
616 703 23
616 705 5
616 752 81
616 804 855
616 826 6
620 132 1
620 203 5
620 250 2
620 276 2
620 442 1
620 703 6
620 724 15
410 344 2
410 392 113
410 702 8
642 250 1
642 276 3
642 380 1
642 498 64
642 724 2
642 826 10
643 112 54
643 398 22
643 804 3639
646 56 6
646 250 2
646 826 2
682 48 2778
682 414 5215
682 422 24
682 512 11
686 250 30
688 70 20
688 499 1
688 642 2
702 344 18
702 458 1
703 40 1
703 100 4
703 203 92
703 348 26
703 440 1
705 70 343
705 191 22
705 276 17
705 380 10
705 499 181
705 528 2
705 498 3
705 688 262
705 724 3
705 804 1
710 72 286
710 124 22
710 748 7
710 250 5
710 276 1
710 380 1
710 426 6
710 454 1
710 508 14
710 516 10
710 528 24
710 566 1
710 643 2
710 690 1
710 756 2
710 894 2
724 40 1670
724 112 9
724 56 3079
724 70 3
724 100 234
724 132 10
724 124 45
724 191 352
724 196 312
724 203 1307
724 208 1056
724 233 2383
724 246 348
724 250 48438
724 276 29223
724 300 282
724 348 1218
724 372 605
724 380 22440
724 428 1947
724 440 1423
724 442 80
724 470 3
724 528 13848
724 807 1
724 578 244
724 616 3297
724 620 3356
724 634 1
724 498 118
724 642 2547
724 682 6
724 688 52
724 703 615
724 705 69
724 752 2202
724 756 1828
724 804 165
724 784 64
724 826 14965
724 840 72
144 578 1
144 752 2
144 756 7
144 784 31
144 826 1
752 208 7
752 246 1
752 276 1
764 36 1
764 392 3
764 458 4
764 104 1
764 643 1
764 702 29
780 52 90
780 124 12
788 250 1
788 380 1
788 434 6
788 634 1
792 8 83
792 40 900
792 31 124
792 112 6
792 56 122
792 70 240
792 100 1738
792 196 10
792 208 111
792 250 233
792 268 6287
792 276 3299
792 368 423
792 376 27
792 462 2
792 499 12
792 528 800
792 807 16
792 578 239
792 616 3
792 634 1
792 498 260
792 642 216
792 643 2776
792 688 43
792 690 34
792 752 301
792 756 143
792 760 756
792 804 458
792 784 3
792 826 41
800 56 289
800 124 144
800 250 5
800 276 160
800 528 31
800 578 12
800 646 1
800 752 3
800 756 26
800 826 192
804 112 43
804 498 20
784 4 39
784 48 5
784 262 1
784 356 1
784 364 23
784 414 5
784 512 18
784 682 5
826 44 4
826 52 1
826 56 6
826 124 1
826 203 3
826 300 20
826 372 151
826 392 5
826 724 10
826 784 25
826 840 19
834 112 361
840 124 20191
840 170 4
840 203 2
840 276 21
840 392 108
840 484 180
840 702 2
840 826 34
