0 1 3
0 2 1
0 3 1
0 4 2
5 6 1
7 8 1
9 10 11
9 11 2
9 12 180
9 13 2261
9 14 143
9 15 5
9 16 251
9 17 9
9 18 5
9 19 111
9 20 53
9 21 33
22 23 188
22 24 585
22 25 11
26 27 1
28 24 4
10 9 52
10 28 3
10 29 25
10 30 86
10 31 1
10 12 1848
10 13 713
10 15 1
10 32 2
10 33 240
10 16 1541
10 17 4
10 34 8
10 24 1483
10 18 6
10 35 11
10 21 2
10 25 2
10 36 552
10 37 1
38 39 48
40 5 145
40 41 1
40 6 2
1 12 23
1 2 2
1 42 1
1 43 2
1 17 41
1 4 30
44 12 10
45 10 1
46 10 9
29 37 1457
47 36 1
48 29 2
48 49 14515
48 50 954
48 51 8
48 52 2
48 53 8
48 54 11
48 24 3153
48 55 15
56 57 6
58 59 22
60 12 13
39 38 2
39 61 2
39 19 5
62 12 1
62 20 3
62 36 16
30 14 1
30 4 5
30 18 185
11 63 2
11 12 2
11 35 4
11 20 60
64 7 1
64 29 3
64 65 364
12 9 5
12 10 328
12 30 8
12 11 1
12 66 1
12 13 661
12 2 9
12 67 14
12 15 1318
12 43 3
12 33 49
12 16 61
12 68 31
12 17 8
12 69 6
12 4 6
12 24 4
12 18 1
12 19 5
12 35 152
12 21 1561
12 36 1196
13 9 340
13 10 30
13 30 3
13 11 59
13 31 94
13 12 116
13 2 385
13 14 1
13 15 500
13 42 5
13 33 4
13 16 270
13 17 34
13 4 282
13 35 10
13 20 259
13 21 189
13 36 35
70 37 1
2 0 90
2 10 1
2 1 153
2 62 19
2 30 15
2 12 1
2 13 61
2 15 1
2 71 1
2 65 1
2 72 6
2 4 36
2 36 2
73 58 1
73 74 4
73 75 8
73 59 1
73 37 213
76 26 116
76 29 59
14 16 1
14 4 47
14 24 30
14 18 2
14 25 11
77 78 5
77 79 140
77 36 4
80 81 307
80 53 545
80 57 97
82 83 2367
82 84 6
82 22 878
82 85 3
82 12 4
82 23 60
82 86 9349
82 71 89
82 24 1221
82 87 1078
82 88 167
82 89 6237
67 36 7
90 10 2
90 12 1
90 16 57
90 68 2
90 4 8
90 24 479
90 19 4
90 36 6
15 0 45
15 9 540
15 28 2
15 10 250
15 1 10
15 39 31
15 30 43
15 11 19
15 31 2
15 12 1230
15 13 1198
15 2 1134
15 14 265
15 42 10
15 43 14
15 33 1
15 91 79
15 16 212
15 17 38
15 92 7
15 4 1532
15 24 31
15 61 5
15 18 17
15 19 720
15 35 28
15 20 14
15 21 113
15 36 108
15 37 12
32 85 779
32 39 16
32 86 23049
32 93 2140
32 94 4312
32 95 92
32 34 2287
32 4 51
32 96 38688
32 89 1453
97 71 5
97 24 351
42 98 15
42 43 68
42 24 99
94 85 2
94 99 1
94 60 1
94 12 1
94 13 6
94 93 85
94 100 2
94 34 72
94 101 44
94 25 5
94 89 41
94 36 9
43 28 27
43 42 67
43 24 5837
33 10 4
33 12 23
33 13 2
53 102 9
53 80 1
53 16 2
53 57 8323
103 29 203
103 16 2
103 37 66134
3 61 6
104 12 19
104 105 51
104 16 51
104 106 13
16 9 782
16 28 162
16 10 1887
16 38 1
16 1 6
16 29 59
16 49 1
16 39 4
16 62 15
16 30 638
16 11 1031
16 98 147
16 31 485
16 12 3173
16 13 16295
16 2 262
16 14 127
16 107 46
16 67 719
16 15 467
16 71 2
16 42 257
16 43 852
16 33 14
16 91 7
16 72 1
16 68 810
16 17 640
16 69 1
16 34 2
16 92 6
16 4 189
16 24 2578
16 101 4
16 61 14
16 18 106
16 19 25
16 35 45
16 20 1724
16 21 662
16 25 455
16 89 5
16 36 10480
16 37 243
65 7 1
65 49 1
65 108 8
65 37 1
59 37 103
72 9 7
72 38 154
72 1 19
72 39 35
72 2 44
72 14 4
72 15 3
72 42 6
72 17 2
72 4 8
72 61 94
72 19 76
72 20 6
95 93 22
95 89 6001
17 28 4
17 30 6
17 98 5
17 13 10
17 42 2
17 43 22
17 16 9
17 4 1
17 24 417
17 18 82
17 25 384
69 10 49
69 12 36
69 35 42
109 49 1
109 81 88
92 28 44
92 24 2
4 1 13
4 14 23
4 15 421
4 92 14
110 111 3
106 12 55
61 72 4
18 30 4
18 13 2
18 14 4
19 38 322
19 39 275
19 11 1
19 13 3
19 15 38
19 3 49
19 16 10
19 92 7
19 4 60
19 61 166
19 35 15
19 25 3
112 113 1
112 114 3
112 21 1
112 115 1
35 116 1
35 9 567
35 28 98
35 10 2002
35 1 36
35 29 10
35 39 88
35 30 806
35 11 845
35 98 179
35 31 242
35 12 42393
35 13 20620
35 2 61
35 14 539
35 67 164
35 15 13381
35 42 211
35 43 403
35 33 30
35 3 1
35 16 9994
35 68 42
35 17 1071
35 69 2787
35 92 13
35 4 606
35 24 3680
35 61 2
35 18 179
35 19 138
35 20 1223
35 21 1099
35 25 8
35 36 6567
35 37 7
79 78 1
117 12 15
20 11 2
20 68 1
21 12 2
96 86 18019
96 93 1977
96 94 3777
96 89 129
55 81 1
55 52 1
55 57 1
55 37 6
118 26 21
118 29 31
118 37 44
119 12 983
119 15 2
119 34 14
87 0 88
87 9 540
87 22 164
87 28 6
87 10 47
87 38 35
87 1 654
87 39 26
87 62 54
87 11 84
87 12 190
87 23 2784
87 13 2383
87 2 162
87 75 47
87 14 15
87 86 200
87 15 4
87 71 1
87 42 8
87 16 267
87 72 5
87 68 68
87 92 110
87 4 43
87 24 1261
87 101 4
87 19 1
87 20 172
87 21 53
87 88 2
87 25 196
87 36 9
25 28 127
25 98 2
25 42 4
25 43 17
25 17 1
25 92 3
25 24 68
36 29 2
36 67 17
36 89 29
37 120 2
37 29 15480
37 121 16
37 31 6
37 103 17
37 27 14
