0 1 1750
0 2 1208
0 3 3454
0 4 561
0 5 19067
0 6 30
7 8 2
7 9 5
7 10 1
11 12 355
11 13 14399
11 14 700
11 15 66
11 16 12423
11 17 1528
11 18 300
19 1 34
19 20 1889
19 21 210
19 5 238
22 22 58
22 23 25
22 24 52
22 25 182
22 26 901
22 27 264
22 28 15
22 29 11237
22 30 35
22 31 3692
22 32 39
22 33 2102
22 34 6
22 35 61
22 36 5
22 37 126
22 38 1701
22 39 36
22 40 7481
22 21 9
22 41 1
22 42 3650
22 43 2952
22 44 38
22 45 1083
22 46 826
47 48 93
47 49 71
47 8 5732
47 50 1579
47 51 9245
47 52 116
47 53 186
47 54 18447
47 55 1471
47 56 3316
47 57 2291
47 58 2
47 59 302
47 60 27
47 61 26459
47 21 141
47 62 10494
47 63 2373
47 64 1566
47 65 75
47 45 8
47 66 73
67 68 119
67 69 11
67 2 557
67 21 63212
67 10 79
23 41 20
23 45 56
70 71 3
68 67 629
68 72 356
68 21 45960
68 73 4194
48 7 362
48 74 2123
48 75 155
48 47 111
48 24 325
48 70 108
48 68 120
48 76 168
48 49 431
48 13 157
48 8 1856
48 77 28
48 78 110
48 50 808
48 79 100
48 80 1174
48 51 1553
48 81 10
48 82 3778
48 52 3492
48 83 13
48 53 184767
48 54 20774
48 55 1958
48 84 1
48 56 7498
48 20 333
48 85 16
48 86 352
48 57 6724
48 58 109
48 87 6076
48 88 777
48 89 5666
48 90 25
48 91 718
48 92 576
48 59 420299
48 93 3338
48 3 51
48 60 9109
48 94 4828
48 39 2
48 72 304
48 61 11345
48 21 35142
48 41 1593
48 95 3723
48 96 191
48 97 532
48 42 318
48 62 1458
48 63 623
48 98 19608
48 99 128
48 100 25
48 65 628
48 73 505
48 66 17262
48 18 450
48 101 50
102 103 18737
102 104 8
12 13 4
12 16 4
49 7 24
49 50 4151
49 105 343
49 9 126
49 93 358
49 96 1069
106 107 5
106 108 10
106 109 2
13 17 620
8 55 23
8 58 6
8 91 26
8 60 3
8 61 558
8 21 1
77 76 94
110 111 1
110 83 15
110 112 68
113 114 1784
113 23 3
113 70 3085
113 13 1176
113 77 2
113 26 648
113 115 2285
113 79 11909
113 116 3487
113 53 14
113 117 52
113 15 1326
113 118 498
113 119 259
113 29 12595
113 120 786
113 87 232
113 121 3209
113 122 15
113 105 106
113 123 1369
113 124 91
113 94 156
113 21 2595
113 125 13
113 71 833
113 126 18
113 43 11514
113 127 9342
113 128 416100
113 17 1678
113 18 6033
113 46 398
14 11 336
14 13 1328
14 15 69
14 119 25
26 129 22
26 31 35
26 42 58
26 46 56
130 23 615
130 25 1615
130 113 25
130 26 17126
130 129 5318
130 111 24
130 131 25
130 81 58
130 52 6
130 54 12
130 118 83
130 29 1058
130 132 44
130 2 212
130 133 755
130 134 285
130 31 85497
130 122 14901
130 104 85
130 135 630
130 136 1526
130 38 2499
130 39 313
130 21 35454
130 41 1655
130 97 56
130 42 13444
130 137 4198
130 43 13031
130 44 122
130 138 56
130 10 1
130 45 8117
130 46 49827
27 26 17
27 130 46
27 42 319
139 132 20
139 124 17
139 128 1
115 139 3
115 119 229
115 123 250
115 128 8
78 76 20
78 140 30
78 90 1667
78 135 68
78 138 158
50 49 729
50 9 190
50 93 22
50 21 62
50 96 265
80 47 455
80 48 4794
80 50 437
80 51 44
80 82 46
80 53 22
80 54 9665
80 55 19088
80 85 933
80 57 5149
80 91 411
80 59 3659
80 93 337
80 60 1370
80 63 93
80 98 50
80 99 761
80 64 64
80 66 10810
51 47 4041
51 49 46
51 8 1401
51 53 60
51 54 5276
51 56 3833
51 57 25
51 59 8
51 60 4361
51 72 1089
51 61 3911
51 21 20
51 96 126
51 62 24738
82 74 13032
82 48 469
82 49 166
82 8 34
82 80 268
82 51 869
82 52 10244
82 141 57
82 142 2196
82 143 2895
82 53 58
82 54 5960
82 55 1689
82 144 1052
82 20 259
82 85 1910
82 57 3689
82 145 1652
82 58 369
82 87 4879
82 88 1886
82 91 26
82 122 10
82 92 175
82 59 10875
82 93 18712
82 60 6380
82 94 6064
82 72 1
82 21 3174
82 41 1367
82 96 420
82 98 3661
82 99 62160
82 64 24
82 100 666
82 65 200
82 66 2287
82 128 4
146 128 91
146 18 4720
141 143 3
141 88 10
141 93 3
141 21 4079
147 148 12582
147 149 7513
147 150 925
28 22 2
28 151 17
143 141 1853
143 93 1817
143 21 44445
143 99 7786
143 10 50
53 7 238
53 74 6167
53 75 50
53 47 1449
53 24 201
53 68 21
53 48 346749
53 76 22
53 49 211
53 13 47
53 8 7726
53 77 175
53 110 63
53 26 1207
53 152 61
53 111 63
53 78 499
53 50 114
53 80 1435
53 51 50555
53 82 6183
53 148 4
53 52 15405
53 83 31
53 143 7
53 53 43
53 112 152
53 54 141321
53 55 26446
53 84 15
53 153 24
53 56 37265
53 144 53
53 29 25
53 20 1550
53 85 2748
53 86 1873
53 57 398641
53 145 2525
53 133 1862
53 58 58
53 87 1632
53 154 6
53 155 200
53 88 1044
53 89 5585
53 156 5
53 31 1560
53 90 1002
53 91 375
53 33 15
53 92 4766
53 157 300
53 59 120386
53 35 10
53 135 271
53 93 389
53 136 3826
53 3 187
53 60 46639
53 94 219745
53 72 635
53 61 16892
53 21 14213
53 41 4988
53 95 666
53 42 8
53 62 14540
53 63 2739
53 98 694211
53 137 37
53 150 2730
53 99 1360
53 64 5267
53 100 213
53 65 13403
53 10 3058
53 45 784
53 66 80739
53 128 4
53 17 711
69 67 7396
69 73 140
54 7 147
54 74 300
54 19 46
54 47 55806
54 24 116
54 68 1749
54 48 173632
54 49 512
54 13 294
54 8 12983
54 113 13
54 26 230
54 50 2801
54 80 2979
54 51 66329
54 82 36985
54 116 757
54 52 11871
54 141 344
54 143 149
54 53 3835
54 69 145
54 55 5304
54 56 6990
54 144 25
54 1 20
54 86 4369
54 57 75402
54 2 529
54 133 1300
54 158 195
54 58 325
54 87 125
54 88 780
54 89 146
54 31 604
54 90 25
54 33 13
54 92 224
54 59 908646
54 93 575
54 136 291
54 124 76
54 38 5286
54 60 65751
54 94 5703
54 72 3938
54 61 43309
54 21 34273
54 41 2253
54 96 1799
54 62 9221
54 63 2005
54 98 5297
54 137 25
54 99 4422
54 64 1718
54 100 50
54 4 19
54 43 529
54 65 68
54 10 4600
54 73 1659
54 45 274
54 66 22228
54 46 87
55 7 1430
55 47 326
55 68 83
55 48 70
55 49 34
55 8 3916
55 50 58
55 80 1515
55 51 2590
55 82 46
55 53 630
55 54 25
55 56 93
55 57 47
55 88 65
55 159 2
55 105 13
55 59 25
55 9 51
55 60 6949
55 61 4657
55 96 43
55 62 864
55 63 491
55 98 49
55 66 281
15 160 33857
15 15 9
15 119 20
15 128 2
56 47 1326
56 49 149
56 50 3
56 141 14
56 54 77
56 55 142
56 57 955
56 58 13
56 88 18
56 60 339
56 61 1223
56 96 53
56 62 102
56 10 1
56 73 80
103 23 89
103 24 5585
103 13 56
103 25 284
103 26 12
103 130 57
103 51 80
103 53 1
103 161 3
103 54 115
103 133 35
103 31 7922
103 32 4864
103 33 4673
103 104 108059
103 36 10
103 136 242
103 3 333
103 39 28
103 40 3
103 21 312
103 41 188
103 97 726
103 42 1820
103 137 34821
103 45 3232
103 66 9
103 46 306
29 162 23
29 132 48
29 31 2024
29 94 5
29 42 4397
29 108 1
29 44 370
29 128 2
1 0 8365
1 19 294
1 67 93336
1 23 9
1 69 5
1 20 101093
1 2 1710
1 133 80
1 3 24
1 21 11038
1 4 307
1 65 24
1 5 43506
1 45 3182
85 21 7403
85 66 1734
86 47 1623
86 48 23575
86 26 28
86 80 210
86 51 310
86 82 185
86 143 3
86 53 20735
86 54 19505
86 55 88
86 85 805
86 57 13063
86 59 25560
86 93 10573
86 60 215
86 94 80
86 21 11148
86 96 78
86 63 4020
86 98 10113
86 99 640
86 64 5980
86 73 108
86 66 58000
57 7 3975
57 47 3748
57 68 409
57 48 5838
57 49 23
57 8 4
57 50 961
57 80 304
57 51 4221
57 82 1591
57 148 11
57 52 143
57 141 385
57 143 255
57 53 10764
57 54 90287
57 55 821
57 56 1212
57 85 2028
57 58 375
57 88 917
57 89 3
57 31 1
57 91 1393
57 105 72
57 59 9516
57 93 7
57 60 11851
57 94 68
57 61 2777
57 96 112
57 62 1266
57 63 4471
57 98 2940
57 99 909
57 64 1094
57 45 10
57 66 3338
132 26 5
132 42 3
145 23 93
145 20 358
145 133 264
145 87 259
145 136 15
145 39 125
145 100 5987
145 45 189
163 152 2
163 164 1
163 149 398
163 150 101
163 165 150
163 166 148
158 67 835
158 2 62361
158 21 11868
158 5 765
158 6 1
58 80 129
58 141 2577
58 143 97
58 2 1011
58 88 746
58 21 2263
58 99 1214
87 23 1982
87 78 58
87 52 28
87 20 907
87 145 10221
87 133 24488
87 136 5297
87 39 4019
87 21 3031
87 41 23937
87 100 15313
87 45 19669
88 67 285
88 68 501
88 141 2
88 144 1
88 85 67
88 58 558
88 60 67
88 21 16557
88 73 200
88 66 72
89 48 2351
89 53 586
89 54 74
89 94 1
89 61 7
156 152 1
167 168 662
31 29 384
31 38 6
31 42 1077
31 43 442
31 46 49
91 59 791
91 98 104
91 66 24
121 169 1356
121 160 49
121 119 29
121 128 61
105 7 42
105 49 23
105 96 134
92 48 228
92 82 72
92 53 9596
92 54 1
92 90 2
92 170 793
92 59 8110
92 94 947
92 21 306
92 95 76
92 98 3346
92 45 13
104 128 10
59 0 21
59 7 1436
59 74 91641
59 75 805
59 162 386
59 11 199
59 19 796
59 47 4546
59 23 34
59 24 4989
59 70 4288
59 68 1944
59 48 254776
59 76 1011
59 49 5598
59 13 2914
59 25 237
59 8 2888
59 77 927
59 171 5176
59 14 1
59 130 28
59 27 6
59 111 870
59 78 27165
59 50 5981
59 79 15247
59 80 6324
59 51 15207
59 81 101
59 82 9707
59 172 398
59 116 701
59 52 72276
59 83 14
59 141 234
59 142 21
59 143 7606
59 53 40077
59 112 166
59 161 4137
59 69 225
59 54 281062
59 140 887
59 55 20527
59 117 812
59 84 528
59 153 776
59 118 9134
59 173 238
59 119 1261
59 56 10251
59 144 801
59 1 619
59 20 12985
59 85 1306
59 86 32572
59 57 75825
59 120 5064
59 132 1
59 145 2997
59 2 445
59 163 6
59 133 1858
59 158 51
59 58 663
59 87 24280
59 154 1363
59 155 2571
59 88 969
59 89 215
59 31 1069
59 90 4178
59 91 2659
59 170 30455
59 33 525
59 105 921
59 92 26452
59 157 220
59 123 1632
59 135 144
59 174 134
59 9 1004
59 93 5192
59 136 1392
59 3 5069
59 124 52
59 38 24
59 60 73294
59 94 26521
59 40 48
59 72 2872
59 61 14615
59 21 278220
59 125 380
59 71 460
59 126 463
59 175 107
59 41 24330
59 95 74920
59 96 3763
59 97 428
59 176 961
59 42 553
59 62 7662
59 63 3460
59 108 1
59 98 47159
59 137 851
59 150 7746
59 177 7786
59 99 10437
59 64 5693
59 100 10892
59 4 352
59 43 518
59 138 3412
59 127 19697
59 65 7338
59 10 13495
59 73 5807
59 45 562
59 66 41839
59 128 560
59 17 90
59 6 11177
59 18 667
59 46 50
59 101 1944
59 168 146
36 22 20
36 26 1
36 27 29
36 178 334
36 28 18995
36 53 1
36 179 2481
36 29 1266
36 30 19
36 31 1476
36 35 1415
36 180 15
36 37 27
36 38 2357
36 181 988
36 42 827
36 182 52
36 43 97
36 183 226
36 151 25
36 45 14
36 66 9
36 128 15
36 184 465
123 119 21
9 7 121
9 68 202
9 49 172
9 50 654
9 56 18
9 105 12
9 72 18
9 61 3
9 21 140
9 96 1366
93 82 34
93 53 26
93 54 2
93 59 2
93 9 4
93 99 1
93 66 157
136 103 28
136 39 34
136 41 35
136 45 300
3 0 126192
3 22 6
3 23 195
3 130 56
3 1 10572
3 31 18686
3 32 20
3 185 4
3 39 48
3 21 892
3 42 2155
3 137 86081
3 43 204
3 66 7
186 13 2
186 14 11
186 57 1
186 98 1
60 47 21
60 67 743
60 114 1
60 68 11442
60 48 23
60 49 21
60 8 83
60 50 23
60 51 1711
60 141 110
60 143 42
60 54 1083
60 55 3
60 56 180
60 85 173
60 57 303
60 2 50
60 58 57
60 88 548
60 59 14
60 93 1
60 94 481
60 72 14140
60 61 1599
60 21 8633
60 96 231
60 62 923
60 73 489
60 66 58
94 75 424
94 48 1020
94 171 2582
94 83 2
94 53 1370
94 54 14270
94 153 113
94 89 208
94 157 5
94 59 5638
94 175 146
94 98 7191
94 64 186
94 66 34
40 46 425
72 68 143
72 61 23
72 21 16122
72 73 21
61 8 39
61 51 1131
61 54 19
61 55 96
61 56 869
61 91 1
61 60 343
61 72 16970
61 62 785
21 67 23493
21 143 22
21 53 20
21 132 28
21 2 41249
21 158 461
21 122 559
21 72 51
21 4 2505
21 5 84
21 73 681
21 6 811
164 187 135
164 81 11
164 21 1
164 166 588
126 127 21
95 170 40
96 7 36
96 68 37
96 49 5543
96 50 286
96 9 5192
96 72 23
96 21 305
42 24 1
42 25 171
42 29 1156
42 31 5018
42 185 5
42 97 1
42 43 1
62 47 11
62 8 30
62 50 23
62 51 12940
62 53 30
62 56 2055
62 59 24
62 60 507
62 61 844
62 96 22
62 63 40
63 47 1698
63 49 370
63 8 1160
63 50 817
63 51 196
63 53 39
63 54 4137
63 55 34
63 56 1
63 57 630
63 2 6
63 105 17
63 59 1237
63 9 6
63 60 311
63 61 70
63 96 294
63 62 181
108 75 7466
108 26 1
108 111 350
108 81 529
108 112 2
108 140 2
108 167 257
108 157 21191
108 174 17
108 93 28
108 37 14
108 97 1
108 42 9
108 165 3
108 168 2533
108 109 9265
98 68 61
98 48 7437
98 49 18
98 8 180
98 77 25
98 171 58
98 78 28
98 50 481
98 51 2322
98 82 5582
98 83 34
98 141 32
98 143 588
98 53 6039
98 54 28265
98 55 148
98 56 9
98 85 1290
98 57 3962
98 58 14
98 154 48
98 88 152
98 92 321
98 59 14225
98 93 1124
98 60 6606
98 94 138282
98 39 25
98 61 66
98 21 72
98 95 25
98 62 312
98 63 450
98 98 1765
98 99 49
98 64 719
98 45 18
98 66 19145
137 103 83
177 53 22
177 118 157
99 82 12
99 143 1725
99 93 1765
99 21 43
99 41 156
99 98 418
64 48 42
64 8 1
64 82 2
64 53 108
64 54 177
64 57 23
64 96 147
100 23 338
100 20 78189
100 145 24243
100 133 3564
100 136 541
100 39 1024
100 41 1676
100 10 212
100 45 2336
43 188 2
43 26 48
43 29 1000
43 134 3
43 31 24
43 42 25
43 66 75
43 46 650
127 117 70
127 126 62
127 66 26
127 128 1
65 47 47
65 48 50
65 78 275
65 82 94
65 53 580
65 54 4248
65 57 3945
65 155 10
65 90 152
65 59 25
65 60 28
65 98 233
65 64 370
65 66 25
10 67 7564
10 23 270
10 8 190
10 80 1008
10 69 253
10 54 3730
10 55 38
10 20 61161
10 133 702
10 9 1
10 136 3024
10 21 5214
10 41 576
10 45 1132
165 66 2
73 68 1040
73 169 1
73 188 4
73 152 1
73 80 1
73 54 1
73 55 1
73 85 1
73 2 21
73 154 1
73 91 2
73 159 1
73 36 1
73 93 1
73 124 5
73 72 21
73 21 1506
73 125 5
73 126 1
73 42 2
73 10 1
66 0 726
66 47 115
66 70 618
66 48 7851
66 13 775
66 8 177
66 113 1
66 26 25
66 50 22
66 80 724
66 51 3662
66 82 10580
66 172 31
66 52 33169
66 141 6928
66 142 151
66 143 24
66 53 3594
66 54 8576
66 140 17
66 55 1867
66 117 101
66 56 103
66 144 1237
66 29 1030
66 1 74
66 85 94422
66 57 1389
66 145 350
66 87 101
66 91 382
66 92 10192
66 59 25070
66 174 5
66 93 3553
66 3 26
66 60 17365
66 94 4140
66 61 10
66 21 5977
66 125 20
66 126 18
66 41 1669
66 176 2
66 62 119
66 63 765
66 98 79367
66 99 5263
66 64 72
66 43 2174
66 10 1754
66 73 58
66 45 2
66 128 17
166 103 120
166 163 1000
166 164 110
128 162 146
128 114 930
128 70 317
128 68 5
128 169 271
128 13 239
128 113 229129
128 14 17
128 26 3724
128 27 8089
128 139 495
128 115 1080
128 78 18
128 172 95
128 116 2072
128 52 37
128 160 878
128 83 13
128 54 6
128 117 20
128 15 1877
128 173 75
128 119 933
128 103 55
128 29 511
128 120 323
128 132 2513
128 31 9765
128 121 84967
128 59 1773
128 36 20
128 123 1882
128 124 891
128 38 5085
128 39 65
128 40 18535
128 21 1333
128 71 171
128 126 35
128 176 326
128 42 5933
128 108 8
128 98 19
128 137 66
128 64 12
128 43 18
128 127 247
128 45 42
128 66 9
128 17 413
128 46 209
17 13 83
168 106 4
168 81 8
168 109 24
109 157 1
109 108 62
109 168 30
