0 1 1
2 3 10
4 5 7
6 7 1
6 8 54
9 10 1
9 11 2
9 12 4
9 13 1
14 15 1
14 16 1
14 17 86
14 18 1608
14 19 4
14 20 11
14 21 238
14 22 17
14 23 7
14 24 173
14 25 29
14 26 15
14 27 1
28 7 25
28 8 108
29 30 2
31 8 14019
15 14 34
15 31 4
15 32 28
15 16 281
15 33 1
15 17 4251
15 18 1660
15 34 6
15 20 3
15 35 425
15 36 105
15 37 330
15 21 1181
15 22 33
15 38 101
15 39 8
15 23 2
15 5 33
15 27 1081
40 41 51
42 31 4
42 18 2
42 34 2
42 19 12
42 39 94
42 43 1
42 27 1
44 15 30
44 17 277
44 27 20
45 15 5
45 46 2
32 47 1644
48 10 2786
48 49 1225
48 50 450
48 11 1
48 51 1
48 52 16
48 8 3260
48 13 2
53 10 2
54 55 2
56 32 1
56 17 35
56 47 6
41 18 1
41 20 6
41 57 2
41 24 4
58 27 3
16 42 4
16 21 3
16 39 12
16 23 266
59 16 1
59 60 3
59 61 1
59 17 2
59 18 2
59 62 2
59 25 59
63 64 6
63 65 2
66 9 42
66 14 1
66 29 2
66 31 1112
66 32 1
66 17 10
66 18 16
66 30 186
66 21 1
66 67 64
66 8 1148
66 68 35
66 69 21
66 25 2
66 70 5
66 27 1
33 61 11
33 50 1
71 17 1
71 21 1
71 72 19
71 26 1
73 74 86
75 76 1
75 32 9
75 77 5
75 78 1
75 1 523
17 14 17
17 15 756
17 42 3
17 10 1
17 41 1
17 16 4
17 59 4
17 79 1
17 61 1
17 18 807
17 34 28
17 19 5
17 80 8
17 20 1248
17 37 58
17 21 49
17 62 58
17 22 5
17 38 2
17 81 2
17 23 2
17 24 5
17 5 238
17 25 2
17 26 1716
17 43 23
17 27 563
7 8 1
18 14 621
18 15 17
18 41 17
18 16 14
18 59 59
18 61 79
18 17 184
18 19 1
18 20 47
18 35 4
18 37 5
18 21 98
18 22 233
18 39 1
18 24 24
18 5 13
18 25 156
18 26 224
18 27 291
82 15 18
82 32 13
82 17 1
82 18 7
82 21 12
82 26 1
82 27 6
34 2 80
34 42 922
34 58 84
34 18 91
34 19 4
34 20 161
34 3 1
34 83 9
34 81 1
34 39 49
34 57 58
34 5 26
84 54 2
84 85 39
84 86 91
84 55 10
84 47 641
87 64 2
87 65 15
87 32 42
87 47 4
86 5 1
86 47 8493
19 14 27
19 39 2
19 23 8
19 5 1
88 29 1
88 30 3
88 51 3
88 89 1
88 90 18
88 67 6
88 70 3
88 47 15
91 92 579
91 11 146
91 13 30
91 93 20
80 18 4
80 27 7
94 58 1
94 21 2
94 8 323
94 24 4
20 2 36
20 14 1037
20 15 187
20 42 53
20 41 480
20 16 45
20 59 6
20 33 1
20 17 893
20 18 913
20 34 565
20 19 187
20 80 5
20 36 36
20 37 7
20 95 173
20 21 66
20 22 35
20 81 6
20 39 495
20 57 27
20 23 38
20 24 496
20 5 22
20 25 8
20 26 116
20 70 1
20 27 99
96 29 721
96 97 4314
96 94 1285
96 30 7143
96 98 1271
96 89 49
96 67 1941
96 68 124
96 99 6594
96 70 548
50 8 56
100 31 637
100 15 1
100 17 44
100 18 284
100 21 7
100 62 58
100 8 718
100 101 4
100 27 1369
30 97 2865
102 50 129
35 33 69
35 36 74
98 29 1
98 56 1
98 59 11
98 30 14
98 89 1
98 67 49
98 68 12
98 70 52
36 31 14621
36 33 61
36 20 2
36 50 2
36 35 44
36 22 1
36 8 560
36 5 2
37 15 6
37 17 25
37 18 6
11 76 4
11 13 5226
103 17 30
104 32 420
104 17 1
104 21 19
104 5 3
104 27 91
104 47 55350
105 44 2
105 79 1
105 17 47
105 103 4
105 106 3271
105 107 4
105 108 2
105 5 41
105 25 2
105 27 6
21 14 584
21 31 283
21 15 4432
21 40 6
21 42 22
21 32 113
21 10 9
21 41 13
21 58 41
21 16 956
21 59 2183
21 33 123
21 61 693
21 17 1994
21 18 20301
21 34 133
21 19 22
21 109 74
21 97 2
21 80 925
21 20 347
21 50 6
21 35 462
21 36 549
21 37 6
21 51 1
21 95 1
21 62 915
21 22 914
21 38 1
21 67 9
21 81 5
21 39 354
21 8 1
21 68 1
21 57 25
21 13 2
21 23 136
21 24 24
21 5 87
21 25 3032
21 26 545
21 43 145
21 70 96
21 27 12924
21 47 1131
1 110 1
1 111 3
83 40 55
83 42 907
83 41 260
83 18 1
83 34 33
83 39 7
83 8 54
83 57 121
83 24 72
89 29 20
89 30 16
89 68 8
89 70 451
90 29 1
90 89 1
90 68 8
22 14 1
22 31 217
22 16 182
22 33 51
22 61 4
22 17 48
22 18 108
22 34 1
22 19 17
22 20 15
22 50 40
22 35 303
22 36 147
22 21 52
22 38 1
22 81 3
22 39 1
22 8 6
22 23 28
22 5 2
22 43 262
22 27 9
38 15 179
38 112 2
38 17 1
38 5 108
113 92 34
81 31 80
39 14 3
39 18 1
39 81 25
39 5 1
39 27 2
8 31 35
8 48 2
8 91 1
8 92 5
8 50 1
8 104 1
8 1 2
8 113 72
8 43 5292
8 47 53
114 15 1
114 27 1
68 29 844
68 97 395
68 30 84
68 67 6413
108 15 3
57 40 19
57 41 7
57 20 4
57 3 3
57 39 1
57 8 15
23 14 2
24 40 330
24 41 8
24 18 3
24 20 10
24 3 128
24 21 4
24 81 2
24 39 10
24 57 278
24 5 19
72 115 668
72 71 9
72 116 2
72 117 9
72 77 9
72 21 4
72 118 2
5 14 1109
5 31 25
5 15 2399
5 40 1
5 42 7286
5 112 5
5 32 64
5 41 276
5 58 791
5 16 2116
5 59 1515
5 33 115
5 61 215
5 17 47326
5 18 33139
5 34 783
5 19 994
5 80 274
5 20 20937
5 35 1555
5 98 1
5 36 4057
5 37 42
5 95 5
5 21 12992
5 62 174
5 22 2607
5 38 2105
5 81 28
5 39 1655
5 57 4
5 23 358
5 24 152
5 25 1161
5 26 1647
5 43 30
5 70 1
5 27 10099
5 47 42
119 70 1
120 21 100
25 18 2
25 62 1
93 9 1
93 121 7
93 11 56
93 122 2
93 13 1
123 32 402
123 47 34
124 17 201
124 125 2
124 70 29
126 2 16
126 14 678
126 28 26
126 31 71
126 15 49
126 40 63
126 42 1124
126 59 90
126 17 216
126 7 5422
126 18 1999
126 34 10
126 19 7
126 97 2998
126 94 50
126 50 2
126 3 4
126 21 335
126 83 10
126 62 132
126 67 1
126 81 302
126 39 106
126 8 5167
126 57 74
126 25 131
126 26 116
126 99 1027
126 127 1
126 43 137
126 27 10
101 100 210
101 128 16
43 31 282
43 129 1
43 81 8
70 89 22
70 119 1
27 80 122
27 5 1
27 47 1
130 131 150
47 32 18134
47 132 4
47 66 5
131 68 1
