0 1 18
0 2 6
3 4 1
3 5 4
3 6 1665
3 7 39
8 9 9
8 10 438
8 11 17
8 12 1
8 13 6
8 14 2
8 15 43
8 16 13
8 17 2294
8 18 3
8 19 982
20 21 1
20 22 11
20 23 277
20 24 161
20 5 2333
20 25 10
20 26 3
20 1 75
20 27 3
20 28 635
20 29 161
20 30 174
20 2 671
20 31 1
20 32 3
33 20 492
33 34 236
33 35 816
33 23 449
33 36 271
33 37 246
33 38 35
33 24 32666
33 39 2
33 5 96473
33 40 1081
33 41 33
33 26 1684
33 42 460
33 43 50
33 44 2586
33 45 4
33 1 19138
33 46 22
33 28 3119
33 47 222
33 48 2419
33 49 440
33 50 433
33 2 855
33 32 7466
33 51 1942
52 51 12
53 54 10
55 56 2
55 3 20435
55 6 43
55 7 1121
57 58 1
59 39 28
35 10 42
35 60 24
35 61 16
35 51 102131
4 3 5837
4 62 249
4 60 16
4 63 7
4 64 31
4 6 21
4 49 17
4 32 9
4 51 229
10 65 2
10 66 1
10 15 196
10 19 274
66 35 19
66 10 15224
66 67 45
66 61 12
66 68 10
66 15 22
66 69 5
66 1 6
66 48 6789
66 19 326
66 70 24
66 71 100
67 19 1
72 73 4769
74 35 1
74 72 12
74 75 56
74 76 186
22 77 9
22 78 33
22 30 88
79 80 29
79 70 1
79 32 10
23 28 640
23 29 186
23 31 1
36 81 121
36 24 1
36 5 75
36 82 7
36 41 4
36 1 44
36 46 16
36 50 1186
36 32 11
36 51 4
83 84 1
85 72 1557
86 33 46
86 24 41
86 5 3
86 26 107
86 61 51
86 87 92
86 1 85
86 88 47
86 89 1
86 90 1209
86 2 3
86 32 53
86 51 6
91 75 9
91 76 69
37 42 7
37 50 1
63 92 2
63 54 120
93 94 1457
38 37 408
38 48 25
38 50 153
24 20 1204
24 34 30
24 33 10566
24 95 1
24 77 6
24 35 51
24 22 217
24 23 3313
24 36 780
24 94 4
24 37 224
24 38 155
24 5 38256
24 40 5
24 25 254
24 82 7
24 41 110
24 26 4550
24 42 74
24 43 213
24 44 1287
24 1 4107
24 46 126
24 96 1
24 28 927
24 47 79
24 97 7
24 48 563
24 98 32
24 99 19
24 100 75
24 29 1032
24 30 492
24 49 2952
24 50 292
24 2 4962
24 31 9
24 32 3978
24 51 90
101 48 280
5 20 1401
5 33 25
5 77 6
5 23 44
5 36 281
5 102 4
5 24 2015
5 40 151
5 25 8
5 26 1152
5 43 23
5 44 1
5 1 7001
5 46 43
5 28 554
5 47 421
5 48 38
5 49 108
5 50 19
5 32 100
103 95 11
103 104 1008
40 0 1265
40 20 7
40 105 29
40 21 115
40 79 16
40 23 1
40 5 182
40 25 1
40 80 1
40 26 3
40 106 5
40 107 14
40 64 4
40 108 558
40 46 1
40 109 4
40 28 199
40 97 12
40 48 72
40 110 1
40 78 38
40 29 2
40 2 2
40 70 1
111 74 5
111 91 36428
111 75 562
111 64 62
111 76 769
112 113 9
75 91 3103
75 76 46
75 51 63
25 20 9
25 77 152
25 21 1
25 22 44
25 23 990
25 37 104
25 24 1
25 5 132
25 42 148
25 43 276
25 107 1
25 28 44
25 97 7
25 29 368
25 30 153
25 50 15
25 2 60
25 31 8
12 114 622
12 115 25
12 116 132
12 117 1
12 27 10
12 118 28
12 119 269
12 51 46
13 9 11
13 67 7
13 12 31
13 61 1
13 15 726
13 1 5
13 19 1588
13 49 1
120 121 34
120 122 80
120 123 4412
120 124 7021
120 125 81
120 88 1
120 27 443
120 126 17
120 97 30
120 48 144
120 127 338
120 128 92
120 70 155
120 129 2
80 20 665
80 33 203
80 35 7
80 10 2
80 79 3
80 36 151
80 38 241
80 24 561
80 5 2036
80 40 14
80 26 32
80 130 19
80 1 3764
80 46 100
80 48 15
80 50 438
80 2 255
80 32 3414
80 51 1445
26 0 166
26 20 11964
26 34 103
26 33 2403
26 77 3132
26 35 6
26 22 2375
26 23 2169
26 36 1782
26 37 3
26 38 5
26 24 9607
26 5 68904
26 40 332
26 25 643
26 42 20
26 43 144
26 44 107
26 107 11
26 1 1393
26 76 10
26 108 1
26 46 2
26 28 1382
26 126 1
26 97 16
26 48 30
26 78 167
26 100 25
26 29 350
26 30 4770
26 49 874
26 50 60
26 2 4303
26 32 2637
61 10 1
61 118 2
130 20 1
130 131 21336
130 33 4
130 77 35
130 21 70
130 36 3
130 38 1
130 5 21
130 40 38
130 87 51040
130 132 13270
130 1 106
130 88 16690
130 28 20
130 89 21591
130 97 61
130 48 997
130 90 2608
130 78 33
130 133 36
130 50 17
130 127 186
130 70 66006
130 32 67
125 48 2603
115 134 1
87 90 19
135 125 624
135 48 6647
135 136 360
42 34 14
42 37 3
42 48 1
132 131 83
132 87 2326
132 88 182
132 89 157
132 90 2518
132 137 2
132 70 1417
43 34 434
43 37 64
43 42 1732
43 48 272
44 33 84
44 24 162
44 5 11
44 82 4
44 1 33
15 9 245
15 67 11
15 13 5
15 19 12032
15 138 1
116 139 1
64 35 167
64 91 130
64 26 1
64 1 1
64 51 689647
64 73 10
140 33 525
140 35 121
140 58 2
140 23 16
140 24 146671
140 5 706
140 25 108
140 26 212
140 43 83
140 45 24
140 1 35
140 46 1
140 28 990
140 47 99
140 48 7222
140 90 4
140 29 2727
140 49 270
140 50 174
140 2 6165
140 70 7
140 32 452
140 51 77
141 56 9
141 54 4781
1 20 6707
1 131 56
1 34 2523
1 33 10900
1 55 11
1 35 2295
1 10 239
1 67 79
1 22 262
1 79 19
1 23 6275
1 36 5531
1 142 2
1 37 3262
1 81 12
1 38 6740
1 24 19237
1 5 275340
1 40 534
1 25 957
1 82 432
1 13 1
1 41 8383
1 80 3
1 26 13042
1 61 124
1 125 73
1 87 8
1 42 4226
1 43 3577
1 44 67
1 15 4
1 107 26
1 143 2
1 46 3341
1 28 9534
1 47 21
1 89 21
1 97 300
1 48 7454
1 90 36
1 99 1
1 78 14
1 100 71
1 19 176
1 29 689
1 30 39
1 54 3
1 49 1804
1 144 3
1 50 33390
1 2 1201
1 104 3
1 31 104
1 70 532
1 32 75229
1 51 29620
17 8 3
17 10 8
17 67 13
17 145 18
17 11 58
17 146 17
17 61 76
17 16 8
17 147 5
17 148 3
76 91 2597
76 75 1
108 0 19
108 34 52
108 77 1285
108 22 1097
108 23 264
108 37 1
108 40 100
108 25 49
108 42 16
108 43 8
108 78 5381
108 29 15
108 30 570
108 2 22
46 36 7
46 1 4
27 121 13
6 3 533
28 23 4608
28 5 200
28 40 202
28 42 1023
28 48 3065
47 56 2
47 149 38
47 24 2
47 150 1
47 44 2
47 45 12
47 1 3
47 49 164
47 32 2180
89 120 5
89 88 15
89 90 16
89 70 31
118 10 1
118 61 11711
126 34 1951
126 37 17
126 5 7
126 42 39
126 97 6
126 48 578
97 23 368
97 40 1
97 126 33
48 37 409
48 42 51
48 43 43
99 24 19
99 26 1891
78 77 629
78 30 61
78 2 106
19 9 7
19 15 183
19 151 1
29 74 1
29 23 7684
29 28 200
29 31 14
30 74 1
30 23 7684
30 28 200
30 31 14
54 56 263
54 84 1
54 139 2
54 152 19
54 58 6
54 153 4
54 24 56
54 39 111
54 115 2
54 116 19
54 92 6184
54 1 30
54 154 24
54 70 10
54 32 161
54 155 7
54 156 193
49 20 14939
49 34 111
49 33 15767
49 77 1153
49 149 2
49 35 1535
49 22 1775
49 23 22574
49 36 3271
49 37 1110
49 38 6062
49 24 142276
49 157 1
49 5 182027
49 40 13
49 25 2271
49 82 8
49 41 80
49 26 22731
49 42 1271
49 43 1133
49 44 18
49 45 588
49 140 7
49 1 206366
49 46 7221
49 28 16228
49 47 14105
49 97 70
49 48 809
49 78 419
49 29 1956
49 30 1714
49 49 276
49 50 5156
49 2 9305
49 32 168290
49 51 6305
50 36 17
50 38 116
50 46 85
50 28 18
50 32 17
2 5 21
2 78 20
138 67 16
138 13 24
138 15 735
138 151 4
138 19 570
158 113 71
158 112 1
158 159 1
158 110 2
160 35 14
160 24 1502
160 26 9
160 161 4
160 46 2
160 2 8
160 70 12
127 0 569
127 20 4854
127 114 15
127 34 36
127 33 31
127 77 1698
127 21 171
127 22 1858
127 79 110
127 23 124
127 162 16
127 36 6
127 37 5
127 24 1756
127 5 3155
127 40 1698
127 25 181
127 41 32
127 26 145
127 87 278
127 106 2
127 43 47
127 107 9
127 1 667
127 143 1
127 108 2294
127 46 31
127 88 22
127 28 748
127 47 7
127 126 247
127 97 10654
127 90 47257
127 78 2487
127 29 65
127 30 36743
127 50 28
127 2 75
127 128 6
127 31 171
127 70 594
127 32 291
163 88 1
32 33 16
32 35 4
32 24 219
32 5 14
32 103 1
32 41 4601
32 80 11
32 26 44
32 1 455
32 49 34
32 51 133
134 115 20
134 32 1
51 84 35
51 8 11
51 105 129
51 113 84
51 33 3614
51 35 165838
51 10 4
51 66 11
51 67 16
51 24 844
51 112 19
51 75 2032
51 164 66
51 61 2075
51 64 28994
51 1 733
51 76 301
51 47 226
51 49 441
51 158 79
51 32 2932
73 55 90
73 72 10
155 53 1
155 153 2
155 156 4
