12 250 114
12 724 5
32 76 16347
32 152 16213
32 600 143
32 858 504
51 643 302
36 36 13
36 48 4933
36 96 126
36 120 8
36 344 2251
36 158 777
36 242 630
36 258 166
36 360 4507
36 296 45
36 458 5172
36 462 35
36 584 2
36 480 3980
36 520 4
36 540 75
36 554 3
36 598 565
36 608 4338
36 634 228
36 410 13176
36 882 4
36 702 5233
36 764 3332
36 626 13
36 776 15
36 784 722
36 548 3
40 70 273
40 100 6742
40 191 895
40 196 22
40 203 3813
40 208 50
40 818 25
40 276 12661
40 300 2355
40 348 1785
40 380 7160
40 528 25
40 807 22
40 616 114
40 642 6378
40 688 22
40 703 2627
40 705 896
40 756 63
40 804 40
40 784 5
40 826 1204
31 643 38998
48 682 1
48 784 24
50 64 13
50 458 3244
50 682 54
50 702 2211
50 144 13
50 784 91
112 498 39
112 643 16350
112 804 500
56 12 1500
56 40 46
56 70 1607
56 132 96
56 344 53
56 178 15
56 384 733
56 191 1880
56 196 598
56 203 727
56 180 7
56 208 501
56 818 450
56 233 460
56 246 7
56 250 90699
56 276 28998
56 288 171
56 300 944
56 324 11
56 348 1699
56 352 2
56 368 426
56 372 315
56 380 6350
56 388 207
56 400 275
56 414 300
56 428 2445
56 422 3210
56 434 50
56 440 2338
56 442 3959
56 458 52
56 466 86
56 470 395
56 478 300
56 504 52
56 528 569357
56 578 119
56 512 25
56 586 26
56 616 31
56 620 5542
56 642 260
56 643 87817
56 682 1700
56 686 867
56 688 113
56 702 314
56 703 512
56 705 818
56 724 41406
56 752 1
56 756 786
56 768 27
56 788 3278
56 784 25
56 826 66332
56 704 1
84 388 28
68 76 12
70 8 1181
70 100 237
70 191 5663
70 578 506
70 642 4249
70 643 527
70 688 891
76 24 80
76 32 194
100 28 27
100 44 6
100 52 1
100 100 23
100 174 1
100 191 1
100 196 4
100 268 1
100 276 1
100 340 1
100 430 2
100 470 6
100 584 1
100 528 3
100 591 7
100 410 1
100 642 2
100 643 9
100 670 6
100 703 3
100 804 2
132 724 13
120 178 2
124 28 175
124 44 1639
124 52 3544
124 76 357
124 344 629
124 188 47
124 192 11811
124 180 21
124 214 8386
124 250 665
124 268 50
124 320 2515
124 340 39
124 360 859
124 380 21
124 388 5677
124 418 235
124 484 9446
124 558 454
124 620 443
124 688 293
124 764 5312
124 780 13164
124 792 650
124 840 357017
124 858 2798
124 862 7189
152 76 440
344 446 35
344 156 209
156 48 3
156 96 1305
156 344 4326
156 446 1
156 158 50
156 408 1526
156 360 549
156 364 1
156 392 63
156 458 78391
156 496 32331
156 104 152
156 524 170
156 528 10
156 586 326
156 608 26
156 643 51443
156 682 1
156 702 12217
156 705 4
156 710 2
156 144 1240
156 764 3696
156 704 56834
158 840 24
170 591 21
170 724 2
170 780 27
170 840 18
170 862 23297
178 24 45
178 56 29
188 340 2239
188 558 1868
188 840 19
384 430 23
384 724 1
191 70 84
191 203 20
191 642 305
191 688 6
196 40 504
196 56 19490
196 191 1638
196 208 210
196 246 127
196 276 8214
196 300 8206
196 372 1297
196 380 2852
196 528 973
196 578 5861
196 616 42
196 705 164
196 724 20
196 752 890
196 756 569
196 826 17973
203 40 1004
203 56 294
203 191 212
203 208 48
203 233 255
203 268 190
203 276 3605
203 300 40
203 348 12554
203 380 1183
203 440 282
203 616 25067
203 642 3290
203 643 42
203 703 31902
203 752 5
203 804 20
208 12 8863
208 40 44
208 56 290
208 70 236
208 100 42
208 191 21
208 203 22
208 818 3527
208 233 414
208 234 2454
208 246 6077
208 250 409
208 276 5049
208 300 215
208 352 50
208 372 1
208 380 3229
208 400 688
208 414 375
208 428 241
208 422 1717
208 430 1000
208 440 883
208 504 104
208 528 1685
208 578 9663
208 616 814
208 620 4385
208 642 40
208 682 725
208 688 499
208 703 24
208 724 9220
208 752 45650
208 826 2905
218 643 5
818 40 50
818 70 107
818 100 25
818 178 56
818 191 1188
818 180 190
818 232 220
818 276 76738
818 300 83249
818 356 24
818 368 2527
818 376 41
818 380 76295
818 400 526
818 404 30
818 414 5890
818 422 59213
818 434 14
818 480 24
818 528 20011
818 512 2426
818 275 11
818 634 50
818 642 4913
818 643 28141
818 682 735
818 702 25
818 705 44
818 788 2592
818 792 707
818 804 1448
818 784 1662
818 826 23006
233 196 1
233 246 1
233 276 1
233 380 1
233 428 47
233 470 2
233 643 40
233 752 1
233 826 1
748 508 845
748 528 1
748 710 72
748 826 1
231 262 56
242 554 1
242 798 3
246 233 25
246 428 69
246 578 975
246 643 2105
246 703 5
246 752 1555
246 792 120
250 8 220
250 12 7026
250 40 2119
250 56 187147
250 204 97
250 70 367
250 76 40
250 100 61
250 854 88
250 120 54
250 344 227
250 174 30
250 178 86
250 384 1395
250 191 121
250 192 1398
250 196 286
250 203 717
250 180 26
250 208 2821
250 818 7188
250 233 10
250 246 299
250 266 398
250 268 40
250 276 84242
250 300 25500
250 324 305
250 624 45
250 348 592
250 352 463
250 364 1
250 372 3135
250 376 1897
250 380 264815
250 400 2146
250 414 691
250 428 451
250 422 1892
250 434 1963
250 440 63
250 442 3100
250 450 13
250 458 151
250 462 1
250 466 1276
250 470 48
250 504 1549
250 528 63449
250 562 39
250 578 884
250 512 976
250 586 153
250 608 516
250 616 2476
250 620 157479
250 498 37
250 642 2807
250 643 14326
250 682 1309
250 686 366
250 688 115
250 702 10
250 703 22
250 705 190
250 724 510146
250 144 73
250 752 774
250 756 2538
250 760 151
250 768 126
250 788 11905
250 792 635
250 784 553
250 826 109131
250 858 154
268 31 144
268 196 2
268 430 1
268 470 1
268 643 417
268 792 1
268 804 90
276 8 141
276 51 150
276 40 43040
276 31 50
276 50 1
276 112 61
276 56 56021
276 70 429
276 76 54
276 100 1924
276 344 781
276 170 27
276 188 18
276 191 1189
276 196 815
276 203 37406
276 208 30332
276 214 501
276 818 568
276 233 10547
276 246 48
276 250 7415
276 268 20
276 300 6167
276 348 2697
276 352 51
276 364 192
276 376 699
276 380 62259
276 398 18
276 414 111
276 417 49
276 428 1694
276 422 26
276 440 3036
276 442 105
276 458 813
276 478 24
276 504 7
276 528 947287
276 807 44
276 578 2
276 512 435
276 586 78
276 591 125
276 608 4082
276 616 22124
276 620 3286
276 498 19
276 642 6931
276 643 4511
276 682 29
276 688 1195
276 703 7198
276 705 4
276 724 4040
276 144 2092
276 752 2141
276 756 98
276 760 50
276 764 1581
276 792 829
276 804 103
276 784 344
276 826 2959
276 840 6
276 860 35
276 704 23
300 8 1698
300 44 2
300 70 12
300 100 1567
300 191 125
300 196 4
300 203 173
300 250 503
300 276 23
300 372 3
300 380 3
300 807 16
300 616 688
300 642 84
300 643 41
300 670 1
300 688 25
300 703 160
300 705 137
300 826 23
320 84 7
320 222 48627
320 340 21
320 558 8153
320 840 64
340 558 17
340 840 42
348 191 373
348 203 190
348 233 232
348 276 43
348 364 1
348 428 299
348 440 215
348 807 15
348 642 5808
348 643 3
348 688 23
348 703 76
348 804 16
356 36 130
356 50 1752
356 124 20
356 250 5
356 300 3
356 414 26
356 458 4269
356 462 721
356 480 7332
356 524 45067
356 512 21
356 586 1505
356 682 11
356 690 559
356 702 584
356 144 16199
356 784 113
356 826 35
356 840 10
360 344 10
360 156 10
360 158 42
360 356 21
360 392 469
360 458 6210
360 583 38
360 620 5
360 702 6974
360 764 10
360 784 31
364 4 26082
364 31 33831
364 48 286
364 191 21
364 368 97554
364 398 27
364 404 1
364 414 806
364 417 187
364 512 45
364 586 982
364 634 250
364 643 114
364 762 63
364 792 21
364 795 9885
364 784 4573
372 528 5
372 826 1616
376 40 290
376 56 12656
376 196 3
376 203 31
376 250 28661
376 276 10435
376 300 5447
376 372 72
376 380 697
376 528 13206
376 578 4845
376 643 5518
376 724 28743
376 756 4702
376 764 50
376 826 112140
380 8 10517
380 40 4046
380 112 49
380 56 6136
380 70 184
380 100 213
380 191 806
380 203 2793
380 208 876
380 818 26
380 233 502
380 246 32
380 250 7234
380 276 113014
380 300 8261
380 348 110
380 372 3595
380 428 919
380 434 3
380 440 566
380 442 3
380 470 974
380 528 2657
380 566 2
380 807 4
380 578 32
380 616 9037
380 642 340
380 643 158
380 688 8
380 703 476
380 705 3304
380 724 302
380 752 20
380 756 83
380 826 8531
392 344 36
392 156 20
392 408 5
400 48 504
400 368 8498
400 372 26
400 414 1908
400 422 759
400 512 356
400 634 566
400 760 4497
400 784 1857
398 643 294
398 762 100
404 528 2
404 706 5
417 4 50
417 398 324
417 643 268
417 860 1
428 44 1
428 233 135
428 440 86
428 591 1
428 616 9
428 643 4670
428 752 187
428 826 1
422 48 988
422 288 54
422 368 1033
422 400 28094
422 414 18901
422 512 7100
422 608 58
422 634 1840
422 643 30
422 682 19022
422 710 17
422 760 32360
422 788 6300
422 784 25174
440 112 9
440 276 1
440 428 415
440 498 40
440 643 389
442 56 4936
442 191 23
442 250 62
442 276 32
442 380 4
442 528 156
450 174 17
450 480 63
458 56 20
458 96 32
458 344 53
458 360 426
458 528 37
458 702 1220
458 764 1852
466 854 100
466 384 243
470 191 44
470 528 3190
470 756 288
484 84 1079
484 192 4
504 56 1862
504 70 11
504 250 26515
504 276 553
504 380 23
504 478 1
504 528 2097
504 620 1048
504 724 2053
504 756 1323
504 826 152
528 4 3
528 8 735
528 12 28782
528 24 2369
528 28 393
528 32 20
528 51 719
528 40 3970
528 44 29
528 48 15
528 50 2224
528 52 4758
528 112 457
528 56 418132
528 84 58
528 204 57
528 70 7739
528 76 1315
528 96 137
528 100 2030
528 854 372
528 132 8939
528 124 1
528 140 29
528 152 735
528 344 22
528 156 199
528 174 25
528 178 947
528 384 19830
528 191 8039
528 192 20009
528 196 8666
528 203 4051
528 180 48
528 208 1397
528 212 381
528 214 4396
528 818 40658
528 226 11
528 232 354
528 233 1237
528 246 2623
528 250 69129
528 266 221
528 270 8714
528 268 105
528 276 189429
528 288 600
528 300 22905
528 308 1489
528 324 854
528 624 207
528 328 9321
528 332 177
528 340 1070
528 348 3679
528 352 591
528 364 977
528 368 528
528 372 337
528 376 12486
528 380 75722
528 388 7777
528 400 1052
528 398 93
528 414 2381
528 428 896
528 422 17932
528 430 1082
528 434 9956
528 440 3287
528 442 46
528 458 5577
528 466 1811
528 470 4247
528 478 28042
528 480 60
528 504 16321
528 508 126
528 558 394
528 807 920
528 578 694
528 512 579
528 586 6846
528 275 218
528 591 133
528 608 3499
528 616 11931
528 620 35800
528 634 6
528 498 298
528 642 9348
528 643 90538
528 659 412
528 662 794
528 670 742
528 678 174
528 682 10510
528 686 61073
528 688 2378
528 690 1260
528 694 948
528 702 1022
528 703 2149
528 705 2670
528 724 50593
528 144 4857
528 729 3222
528 740 7560
528 752 4160
528 756 8692
528 760 2450
528 762 101
528 764 111
528 768 5648
528 780 15037
528 788 11187
528 792 5262
528 804 461
528 784 1216
528 826 29283
528 834 25
528 840 116
528 858 25
528 860 725
528 704 175
528 887 251
554 96 92
554 184 353
554 242 18658
554 258 1525
554 296 36
554 458 1917
554 540 1277
554 570 1
554 598 2
554 608 300
554 882 835
554 702 1688
554 90 33
554 776 134
554 798 40
554 548 228
558 340 9
807 8 203
807 112 4
807 70 37
807 100 1053
807 191 312
807 300 21
807 642 2255
807 688 1770
578 56 43
578 196 22
578 807 2
578 826 2
512 706 1
512 784 253
586 4 1089
586 24 26
586 48 2
586 50 25
586 170 10
586 356 8
586 458 5845
586 480 137
586 512 2
586 702 287
586 144 13307
604 170 10
604 300 29
604 380 2
604 591 3
604 840 3
616 112 956
616 70 12
616 100 137
616 196 2
616 203 144
616 233 122
616 246 1
616 276 7
616 348 614
616 380 33
616 440 45
616 470 3
616 528 20
616 578 11
616 498 11885
616 642 6
616 643 11175
616 703 11
616 804 62
616 840 1
620 24 276
620 56 512
620 132 1698
620 208 42
620 250 1037
620 276 1882
620 624 105
620 442 211
620 478 1
620 516 1
620 528 5045
620 678 66
620 686 3
620 724 6577
620 826 2084
634 414 18
410 344 2
410 643 11
498 112 20
498 398 10
498 642 2
498 804 434
642 12 1
642 28 1
642 56 2
642 116 1
642 196 1
642 300 1
642 470 2
642 498 985
642 643 1
642 670 1
642 804 2
643 31 13172
643 156 135
643 408 971
643 268 103
643 398 7613
643 417 116
643 496 442
643 762 406
643 804 1045
643 860 169
646 108 8
702 96 364
702 356 2
702 360 129
702 458 8861
702 764 16
703 100 20
703 203 3291
703 348 1372
703 616 425
705 70 72
705 100 43
705 191 858
705 203 23
705 276 11787
705 348 10
705 380 349
705 528 810
705 688 24
90 296 1
90 410 1
710 24 16917
710 178 28
710 180 46
710 250 214
710 266 30
710 288 29
710 454 162
710 480 241
710 508 353
710 528 467
710 566 9
710 690 1
710 826 283
710 894 1425
710 716 581
724 112 10
724 56 7728
724 70 35
724 191 510
724 203 1762
724 208 5580
724 226 5
724 246 385
724 250 12658
724 276 53009
724 300 20
724 348 19
724 352 209
724 372 2861
724 380 1734
724 428 20
724 430 1
724 440 94
724 478 2
724 504 46
724 528 10499
724 578 261
724 616 10293
724 620 101709
724 643 51
724 688 16
724 703 74
724 705 375
724 724 1398
724 752 1009
724 756 203
724 826 31214
144 414 9
144 462 1
144 634 3
144 682 2
752 208 335
752 246 4050
752 578 1296
752 642 42
752 643 207
752 724 1
756 56 72
756 250 21
756 276 266
756 348 24
756 380 69
764 344 9
764 418 3
764 458 41
764 826 47
776 242 16
780 308 56
780 670 96
780 840 1
788 36 23
788 40 48
788 203 70
788 250 98
788 276 1489
788 380 433
788 442 23
788 826 23
792 31 1906
792 70 93
792 100 1554
792 191 854
792 196 284
792 203 19
792 268 3218
792 300 440
792 348 47
792 368 56511
792 400 70
792 642 4
792 643 12400
792 826 40
800 826 2
804 112 56
804 586 1
804 498 60
804 643 26
784 4 25
784 400 26
784 414 187
784 512 3571
784 634 97
784 682 26
826 4 31
826 12 2236
826 28 25
826 36 26
826 40 44
826 56 3549
826 76 125
826 100 21
826 384 175
826 191 45
826 196 476
826 203 168
826 208 4267
826 818 18935
826 232 20
826 234 5
826 246 110
826 250 1067
826 276 1412
826 288 39
826 300 1549
826 348 185
826 352 49
826 356 350
826 360 49
826 364 95
826 368 102
826 372 46775
826 376 7832
826 380 1188
826 388 25
826 414 840
826 422 125
826 450 51
826 470 282
826 504 14712
826 528 13958
826 566 71
826 578 1820
826 608 100
826 616 516
826 620 4742
826 643 712
826 682 1903
826 688 41
826 694 9
826 702 95
826 703 174
826 705 486
826 710 365
826 724 77591
826 752 5220
826 756 351
826 760 385
826 764 2936
826 792 397
826 804 20
834 174 10
834 180 42
834 250 5
834 404 470
834 710 90
834 826 17
834 894 5
840 28 162
840 44 641
840 52 9
840 84 87
840 124 183278
840 152 1632
840 344 3843
840 446 324
840 156 523
840 158 24909
840 170 270
840 262 151
840 212 5
840 214 1091
840 222 775
840 320 394
840 340 31
840 360 46
840 372 17
840 388 132
840 458 3842
840 484 47086
840 583 10
840 516 2
840 528 5
840 554 21
840 558 191
840 566 13
840 591 501
840 608 1014
840 410 2597
840 643 2591
840 659 25
840 662 256
840 702 4729
840 724 2
840 764 32
840 780 108
840 784 24
840 826 7446
840 858 609
858 32 28
887 262 1
887 232 97
887 682 31
887 706 7
894 710 9
894 826 3
716 508 20
716 894 343
