8 499 251
8 688 409
12 634 1
12 724 25
32 24 100
32 68 184
32 76 1670
32 152 3289
32 600 21211
32 858 3629
51 268 2771
51 643 1008
36 96 240
36 344 1048
36 158 1149
36 242 51
36 258 3
36 360 1406
36 296 20
36 414 2
36 422 6
36 458 1662
36 462 2
36 480 1095
36 104 25
36 520 44
36 540 98
36 598 99
36 634 109
36 410 12302
36 682 12
36 702 1620
36 90 36
36 764 125
36 626 15
36 784 2218
36 548 5
36 704 358
40 8 188
40 70 1229
40 100 1195
40 191 355
40 203 3453
40 818 246
40 250 51
40 276 9746
40 300 2322
40 348 2330
40 368 56
40 380 2315
40 422 3
40 499 544
40 528 28
40 616 460
40 642 2576
40 688 1554
40 703 3318
40 705 2169
40 724 22
40 756 604
40 792 254
40 826 2
31 398 20
31 643 36608
48 414 48
48 512 80
48 682 1
50 48 27
50 116 20
50 344 1410
50 360 354
50 458 28895
50 104 293
50 512 54
50 634 56
50 643 14368
50 682 372
50 686 137
50 702 9420
50 144 5882
50 784 2530
50 704 322
112 31 1777
112 250 20
112 268 821
112 398 1119
112 417 60
112 498 22309
112 643 271394
112 688 1800
112 804 1551
56 24 185
56 40 5678
56 31 3425
56 48 758
56 50 325
56 204 262
56 70 1508
56 76 109
56 96 114
56 100 566
56 854 87
56 120 4
56 178 6
56 384 2566
56 191 295
56 196 477
56 203 893
56 180 128
56 208 975
56 818 2759
56 233 50
56 250 234759
56 268 1033
56 276 39445
56 288 252
56 300 2014
56 348 1069
56 368 230
56 372 173
56 376 3371
56 380 3518
56 400 250
56 414 879
56 428 187
56 422 6388
56 434 200
56 440 48
56 442 5184
56 458 207
56 462 55
56 466 333
56 470 60
56 478 457
56 499 37
56 504 711
56 528 569781
56 558 92
56 562 138
56 512 460
56 586 436
56 616 8883
56 620 3421
56 634 426
56 498 56
56 642 1474
56 643 2
56 682 1394
56 686 2257
56 688 2478
56 702 162
56 703 197
56 705 395
56 710 26
56 724 18709
56 752 552
56 760 340
56 768 1065
56 788 344
56 792 3029
56 784 5206
56 826 11848
68 76 6
70 191 176
70 499 568
70 578 382
70 688 1676
70 705 71
72 516 32
76 214 1
76 320 1
76 858 10723
96 458 5
100 51 64
100 268 48
100 300 1407
100 642 22
854 562 44
108 646 1
120 266 9
124 44 676
124 52 3224
124 76 26
124 854 2
124 188 957
124 192 3792
124 214 1196
124 250 15
124 320 3522
124 360 11480
124 388 1095
124 458 55
124 558 63
124 591 526
124 662 1342
124 702 1
124 764 10640
124 780 14185
124 792 162
124 840 400241
124 858 2065
124 862 3700
152 76 550
152 320 192
152 858 247
344 446 50
344 840 448
156 48 971
156 204 25
156 96 2646
156 116 28
156 344 51210
156 446 3416
156 178 19
156 408 696
156 180 230
156 818 5
156 360 424
156 392 136
156 398 65
156 414 169
156 458 121892
156 496 14534
156 528 9
156 512 141
156 586 1
156 608 315
156 634 502
156 643 64319
156 682 843
156 702 15874
156 144 15640
156 762 26
156 764 16045
156 626 2468
156 792 3
156 784 7278
156 704 78317
158 344 1
158 702 1
170 591 39
170 840 2
384 854 15
384 466 13
384 562 35
384 686 7
191 8 92
191 70 2326
191 348 7
191 380 29
191 499 1535
191 807 754
191 688 2584
191 703 396
191 705 2230
196 40 536
196 48 52
196 56 3752
196 191 1413
196 208 168
196 276 9266
196 300 24667
196 372 2024
196 380 1575
196 414 24
196 528 1320
196 578 920
196 616 3935
196 634 1269
196 705 44
196 724 281
196 752 470
196 756 53
196 784 2172
196 826 14571
203 40 6874
203 112 20
203 100 835
203 250 7
203 276 979
203 300 5
203 348 186
203 616 4457
203 642 69
203 688 22
203 703 25569
203 792 40
203 804 42
208 8 24
208 12 7400
208 24 55
208 40 3
208 56 1
208 70 591
208 196 406
208 203 1554
208 818 10604
208 233 55
208 234 1524
208 246 1356
208 250 650
208 276 4752
208 300 545
208 352 964
208 380 30879
208 400 1026
208 428 174
208 422 1624
208 440 854
208 496 24
208 504 2449
208 528 14662
208 540 1
208 578 19573
208 616 1298
208 620 2437
208 642 1
208 682 590
208 688 111
208 724 5000
208 752 46922
208 760 605
208 792 921
208 826 2245
218 784 1
218 840 285
818 8 324
818 48 3325
818 112 513
818 70 1414
818 344 358
818 178 1
818 191 6952
818 208 214
818 268 1868
818 276 16019
818 300 55934
818 360 5968
818 380 63039
818 400 6
818 414 27222
818 422 39094
818 458 1768
818 480 1
818 528 288
818 807 4
818 578 1
818 512 12988
818 616 221
818 634 13658
818 642 1934
818 643 274578
818 682 4097
818 688 139
818 705 175
818 729 26
818 756 838
818 788 7187
818 804 82
818 784 47246
818 826 6532
818 887 46
222 188 1
222 591 1
222 840 6
233 203 388
233 246 329
233 578 33
233 498 110
233 643 1
233 752 189
748 508 1
748 710 3
231 262 15378
231 706 111711
231 729 41
242 520 2
242 798 11
246 4 65
246 31 271
246 233 905
246 250 22
246 268 21
246 428 350
246 440 2
246 578 1195
246 643 1957
246 752 3403
246 792 23
250 4 45
250 8 405
250 12 16849
250 24 375
250 40 1033
250 31 108
250 44 23
250 48 1540
250 50 75
250 52 133
250 112 425
250 56 321130
250 204 230
250 70 190
250 100 16300
250 854 442
250 132 84
250 120 105
250 152 66
250 344 742
250 174 78
250 178 41
250 384 6488
250 191 3227
250 196 664
250 203 32004
250 208 10054
250 262 7
250 818 15869
250 226 15
250 233 22
250 242 278
250 246 268
250 258 29
250 266 344
250 268 55
250 276 88834
250 300 44269
250 324 418
250 340 207
250 348 29526
250 352 584
250 360 300
250 364 40
250 368 2410
250 372 5107
250 376 12708
250 380 370327
250 388 172
250 400 6248
250 414 3012
250 428 28
250 422 2005
250 434 4239
250 440 186
250 442 4672
250 458 793
250 462 25
250 466 3251
250 470 1235
250 478 17
250 480 50
250 496 5
250 499 1191
250 504 2206
250 508 25
250 528 79472
250 540 1
250 558 22
250 562 1377
250 566 525
250 807 42
250 578 263
250 512 6785
250 586 104
250 598 2
250 616 13689
250 620 125518
250 634 2258
250 642 28146
250 643 40
250 682 3982
250 686 5798
250 688 2852
250 690 78
250 702 324
250 703 15508
250 705 3249
250 724 519796
250 144 126
250 729 50
250 752 4436
250 756 16379
250 768 155
250 780 12
250 788 14950
250 792 7571
250 804 20
250 784 10308
250 826 70548
250 840 95
250 858 754
250 860 1
268 51 177
268 31 889
268 112 124
268 398 245
268 643 21
276 4 110
276 8 216
276 12 2170
276 24 325
276 51 743
276 40 80666
276 31 9331
276 48 319
276 50 50
276 52 6
276 112 3792
276 56 182927
276 70 10202
276 76 112
276 100 24322
276 124 5
276 344 842
276 191 4498
276 196 968
276 203 126562
276 208 59429
276 214 545
276 818 5343
276 233 186
276 246 855
276 250 3835
276 268 1397
276 300 11125
276 348 10657
276 352 74
276 356 1075
276 360 13595
276 364 5
276 368 616
276 376 2977
276 380 108317
276 400 100
276 398 1345
276 414 7748
276 417 323
276 428 899
276 422 18
276 440 487
276 442 865
276 458 7026
276 496 75
276 499 1579
276 504 345
276 528 795434
276 807 88
276 578 45
276 512 4158
276 586 2528
276 591 250
276 608 7628
276 616 81425
276 620 5600
276 498 2053
276 642 18755
276 643 9056
276 682 8740
276 688 4860
276 702 11
276 703 16071
276 705 4118
276 724 3845
276 752 4107
276 756 9110
276 760 215
276 762 20
276 764 5021
276 792 5146
276 804 473
276 784 4376
276 826 8493
276 834 13
276 840 60
276 858 75
276 704 1946
276 887 25
276 894 150
288 854 26
288 768 174
300 8 968
300 40 4
300 70 193
300 100 2387
300 191 130
300 196 3974
300 203 588
300 250 4
300 276 172
300 380 4
300 400 48
300 428 64
300 440 21
300 528 258
300 554 5
300 807 35
300 616 6961
300 642 2460
300 688 253
300 703 310
300 705 42
300 724 121
300 840 28
320 222 78073
320 558 1
340 222 8
340 840 479
348 4 23
348 40 808
348 191 428
348 203 409
348 233 8
348 498 22
348 642 204
348 688 222
348 703 839
348 705 1
348 792 8
356 48 557
356 50 65
356 204 56
356 124 1
356 344 1412
356 818 9
356 250 28
356 414 7663
356 458 3531
356 462 3636
356 466 2
356 480 9072
356 524 118748
356 512 9007
356 634 786
356 643 4156
356 686 814
356 690 1302
356 702 184
356 144 38829
356 764 2
356 784 7753
356 826 20
356 840 22
360 36 6
360 458 1372
360 554 6
360 702 4080
360 626 19
372 682 100
372 784 114
372 826 3006
372 840 19
376 24 62
376 40 212
376 56 5763
376 124 38
376 196 609
376 208 274
376 250 18297
376 268 50
376 276 11329
376 372 2305
376 380 2823
376 400 4012
376 428 21
376 528 43269
376 578 10237
376 616 32
376 498 62
376 643 47310
376 705 5001
376 724 11559
376 752 1248
376 756 15565
376 804 197
376 826 65748
380 8 313
380 40 2857
380 56 4286
380 70 148
380 100 720
380 132 1
380 344 3
380 191 3632
380 196 27
380 203 862
380 208 3085
380 233 130
380 246 147
380 250 9026
380 276 51351
380 300 821
380 348 65
380 372 1157
380 428 46
380 422 1
380 440 266
380 442 1
380 458 5
380 470 639
380 496 3
380 499 1002
380 528 3786
380 616 4764
380 620 43
380 642 6706
380 688 198
380 703 742
380 705 2352
380 724 1056
380 752 1179
380 756 893
380 788 552
380 826 2190
392 344 22
392 702 6
400 48 859
400 368 377
400 376 411
400 414 1794
400 422 31
400 528 17
400 512 949
400 634 1133
400 682 2392
400 760 48
400 792 19
400 784 1318
398 31 56
398 417 258
398 496 8
398 643 2123
398 795 626
398 860 247
414 48 120
414 818 61
414 364 3
414 368 9145
414 400 37
414 512 115
414 634 60
414 784 108
417 398 19850
417 643 100
417 762 38
428 203 997
428 233 972
428 348 79
428 372 1
428 440 230
428 616 67
428 826 1
422 48 4690
422 818 220
422 300 65
422 368 349
422 400 26178
422 404 4
422 414 27746
422 504 58
422 512 10619
422 634 7813
422 643 4978
422 682 19119
422 760 5883
422 792 110
422 784 33040
434 788 10666
440 31 2111
440 112 916
440 203 255
440 233 53
440 268 551
440 372 1
440 380 9
440 398 459
440 417 20
440 428 1514
440 616 254
440 498 474
440 642 998
440 643 84
440 688 110
440 703 654
440 724 22
440 826 225
442 31 3
442 56 4258
442 250 604
442 276 70
442 528 153
442 620 10
450 174 15
450 250 27
454 356 6
454 710 11
458 96 121
458 360 64
458 608 109
458 702 1269
458 764 1838
466 854 30
466 178 7
466 384 80
466 324 6
470 528 1832
470 752 83
484 84 1623
484 840 9
499 70 13
499 688 88
504 56 53
504 854 3081
504 178 15
504 384 248
504 226 7
504 250 155
504 414 30
504 466 6730
504 478 5539
504 528 4629
504 562 1177
504 578 134
504 620 213
504 643 1593
504 686 4635
504 724 645
504 768 32
504 784 60
504 826 6
516 24 1226
524 356 355
528 4 10
528 8 2010
528 12 130918
528 24 1951
528 28 283
528 51 1937
528 40 6107
528 31 24970
528 44 152
528 48 171
528 50 5107
528 52 6782
528 112 3843
528 56 210257
528 204 2192
528 70 10284
528 72 50
528 76 3471
528 96 220
528 100 2640
528 854 6894
528 132 4058
528 120 275
528 140 32
528 344 6
528 158 8
528 170 6
528 178 818
528 384 29975
528 191 5788
528 192 18730
528 196 5698
528 203 11126
528 180 304
528 208 5893
528 212 426
528 214 350
528 818 54833
528 226 122
528 233 388
528 246 1576
528 250 32063
528 258 25
528 266 334
528 270 3380
528 268 4717
528 276 155628
528 288 2420
528 300 12121
528 308 1055
528 324 233
528 624 1103
528 328 11821
528 332 107
528 340 1215
528 348 9672
528 352 358
528 356 25
528 364 744
528 368 24660
528 372 464
528 376 49979
528 380 77891
528 388 4846
528 400 5914
528 398 1242
528 404 637
528 414 4168
528 417 220
528 428 355
528 422 22431
528 430 1396
528 434 15670
528 440 338
528 442 614
528 458 7230
528 466 12053
528 470 3684
528 478 35873
528 480 795
528 499 1282
528 504 37264
528 104 350
528 558 1469
528 562 606
528 566 29
528 807 1039
528 578 11848
528 512 4160
528 586 4140
528 616 11958
528 620 21343
528 634 175
528 498 218
528 642 4004
528 643 17459
528 659 347
528 662 13
528 670 200
528 678 46
528 682 30083
528 686 82747
528 688 15830
528 690 402
528 694 1507
528 702 303
528 703 4937
528 705 2579
528 706 114
528 724 51523
528 144 2235
528 729 9779
528 740 8663
528 752 4083
528 756 2975
528 760 11428
528 764 372
528 768 1385
528 780 13984
528 788 9122
528 792 19654
528 795 1001
528 800 90
528 804 925
528 784 4337
528 826 26453
528 840 29
528 858 1003
528 860 16011
528 704 26
528 887 3379
528 894 627
554 36 1
554 344 7
554 184 325
554 242 21449
554 258 2088
554 458 129
554 540 1674
554 570 5
554 598 19
554 882 1127
554 702 255
554 90 47
554 776 404
554 798 21
554 840 2
554 548 376
562 854 6
562 566 1
566 562 1231
807 8 29
807 112 985
807 70 188
807 498 45
807 643 137
807 688 962
807 804 60
578 44 1
578 250 4
512 414 54
512 784 172
512 887 23
586 4 191901
586 48 7820
586 414 7198
586 458 22027
586 462 197
586 512 12468
586 634 8605
586 643 48984
586 682 116
586 690 319
586 702 3069
586 144 78046
586 764 30
586 784 83954
586 826 1
604 152 3
604 840 11
616 40 8
616 112 80
616 56 7
616 100 88
616 178 24
616 203 8
616 208 4
616 233 454
616 250 21
616 276 556
616 300 8
616 348 44
616 368 156
616 372 317
616 380 228
616 398 21
616 428 469
616 440 813
616 466 86
616 528 56
616 578 1
616 620 145
616 498 6446
616 642 1975
616 643 219
616 688 24
616 703 652
616 705 36
616 724 164
616 752 4
616 788 874
616 826 1714
620 24 259
620 56 851
620 132 4210
620 446 1
620 203 774
620 208 49
620 226 5
620 250 3263
620 276 7750
620 624 311
620 372 114
620 442 406
620 508 24
620 528 7683
620 616 117
620 678 268
620 724 18329
620 756 16
620 826 25
634 364 10
634 784 25
410 344 141
410 296 12
410 643 108
410 704 422
498 112 673
498 268 1104
498 398 85
498 642 22
498 643 5763
498 792 303
642 40 7
642 100 275
642 300 59
642 348 138
642 380 4
642 616 21
642 498 1089
642 792 22
642 826 18
643 31 49389
643 112 548
643 156 71
643 818 133
643 268 993
643 392 4
643 398 1189
643 417 41
643 496 19
643 554 2
643 578 4
643 498 228
643 688 20
643 762 1012
643 795 903
643 804 109409
643 860 92
646 108 4470
646 178 2
646 180 4
646 404 8
646 800 334
646 834 46
646 840 1
686 624 2
686 478 110
688 70 105
688 100 17
688 499 1049
688 807 43
688 642 122
688 643 583
702 96 158
702 116 4
702 360 988
702 458 409
702 104 71
702 764 23
702 626 37
703 40 69
703 203 1429
703 250 1
703 276 1
703 348 6358
703 380 9
703 470 3
703 616 128
703 688 70
703 792 40
705 40 1342
705 56 473
705 70 904
705 191 190
705 276 3845
705 348 1
705 380 10
705 499 63
705 528 459
705 616 544
705 688 1744
705 703 14
705 752 367
705 756 1
705 826 15
710 24 23711
710 72 24334
710 344 1
710 156 4
710 178 572
710 180 396
710 748 17105
710 266 205
710 288 26
710 404 30
710 414 52
710 426 11536
710 454 223
710 458 12
710 480 728
710 508 40237
710 516 26249
710 566 3
710 591 4
710 598 2
710 608 198
710 634 679
710 690 5
710 800 7
710 784 56
710 834 21
710 840 1
710 894 10866
710 716 3040
724 12 1512
724 24 12
724 51 100
724 40 4
724 112 131
724 56 21334
724 100 295
724 140 116
724 344 1
724 384 17
724 191 1384
724 203 4304
724 208 4098
724 226 88
724 233 115
724 246 511
724 250 9727
724 276 40240
724 300 128
724 348 1476
724 372 1687
724 380 3597
724 400 23
724 398 1
724 414 156
724 428 656
724 422 4
724 430 106
724 440 687
724 442 1
724 466 75
724 504 116
724 528 6391
724 578 1633
724 512 115
724 616 7449
724 620 155012
724 642 2560
724 682 68
724 703 567
724 705 539
724 752 31
724 756 17
724 784 82
724 826 18661
724 858 94
144 784 1
752 208 759
752 246 1364
752 276 33
752 578 4126
752 616 5
752 682 23
752 724 998
752 784 75
756 40 2816
756 56 121
756 250 1
756 276 1330
756 380 1
756 528 83
756 724 44
764 36 7
764 344 1
764 156 2
764 418 47
764 458 19
764 104 2
764 702 1
764 840 23
776 554 1
780 28 1
780 124 1
780 276 1
780 308 72
780 328 68
780 584 1
780 528 46
780 591 1
780 670 221
780 740 52
780 826 6
780 548 1
788 854 138
788 250 6
788 380 235
788 434 173
788 466 83
788 643 2
792 31 1611
792 100 172
792 268 1919
792 368 8665
792 400 19
792 760 851
800 124 3
800 276 1
800 646 9275
800 682 7
800 728 606
804 40 5
804 31 2131
804 112 6474
804 84 1
804 100 1
804 344 1
804 196 3
804 268 3622
804 300 1
804 368 28
804 398 20
804 430 2
804 470 2
804 584 4
804 528 1
804 591 24
804 498 1754
804 643 2
804 659 1
804 760 1
804 792 4
804 784 1257
804 826 3
804 840 1
784 4 1
784 48 36
784 262 14
784 414 1
784 512 8196
784 634 39
784 682 3
784 706 25
826 36 1
826 40 77
826 52 109
826 112 20
826 56 12621
826 204 75
826 70 164
826 76 176
826 100 22
826 156 20
826 191 46
826 196 101
826 203 1067
826 208 4638
826 212 62
826 818 51188
826 234 253
826 246 577
826 250 3609
826 268 30
826 276 1817
826 288 300
826 300 287
826 348 1153
826 352 720
826 360 1699
826 372 60673
826 376 307
826 380 1669
826 400 194
826 414 1
826 422 50
826 434 3
826 440 25
826 470 63
826 499 71
826 504 10080
826 528 13617
826 566 1
826 807 45
826 578 3339
826 616 7364
826 620 2248
826 642 252
826 643 1040
826 682 3777
826 688 110
826 694 3
826 703 2023
826 705 1353
826 710 1
826 724 68762
826 752 2395
826 756 22
826 764 747
826 768 75
826 780 209
826 792 4435
826 784 1291
826 840 681
826 860 783
834 344 1
834 174 2
834 404 3503
840 28 345
840 36 94
840 44 1734
840 52 100
840 84 45
840 76 19
840 124 181178
840 152 6
840 344 3542
840 156 357
840 158 15497
840 212 74
840 214 4648
840 218 22
840 222 436
840 226 18
840 250 20
840 258 66
840 288 50
840 308 78
840 320 2098
840 332 1
840 340 6780
840 352 22
840 356 22
840 360 3339
840 376 7
840 380 31
840 388 36
840 392 21716
840 414 81
840 458 13306
840 484 98876
840 504 25
840 104 40
840 528 455
840 558 1253
840 512 25
840 591 2485
840 608 12192
840 634 252
840 410 26203
840 659 3
840 662 168
840 670 256
840 682 1
840 686 51
840 702 4740
840 144 455
840 764 4907
840 780 835
840 804 15
840 784 625
840 826 14
840 858 767
840 704 25
858 826 11
887 706 2
894 24 54
894 180 6
894 454 30
894 516 28
716 508 1
