0 1 114
0 2 5
3 4 16347
3 5 16213
3 6 143
3 7 504
8 9 302
10 10 13
10 11 4933
10 12 126
10 13 8
10 14 2251
10 15 777
10 16 630
10 17 166
10 18 4507
10 19 45
10 20 5172
10 21 35
10 22 2
10 23 3980
10 24 4
10 25 75
10 26 3
10 27 565
10 28 4338
10 29 228
10 30 13176
10 31 4
10 32 5233
10 33 3332
10 34 13
10 35 15
10 36 722
10 37 3
38 39 273
38 40 6742
38 41 895
38 42 22
38 43 3813
38 44 50
38 45 25
38 46 12661
38 47 2355
38 48 1785
38 49 7160
38 50 25
38 51 22
38 52 114
38 53 6378
38 54 22
38 55 2627
38 56 896
38 57 63
38 58 40
38 36 5
38 59 1204
60 9 38998
11 61 1
11 36 24
62 63 13
62 20 3244
62 61 54
62 32 2211
62 64 13
62 36 91
65 66 39
65 9 16350
65 58 500
67 0 1500
67 38 46
67 39 1607
67 68 96
67 14 53
67 69 15
67 70 733
67 41 1880
67 42 598
67 43 727
67 71 7
67 44 501
67 45 450
67 72 460
67 73 7
67 1 90699
67 46 28998
67 74 171
67 47 944
67 75 11
67 48 1699
67 76 2
67 77 426
67 78 315
67 49 6350
67 79 207
67 80 275
67 81 300
67 82 2445
67 83 3210
67 84 50
67 85 2338
67 86 3959
67 20 52
67 87 86
67 88 395
67 89 300
67 90 52
67 50 569357
67 91 119
67 92 25
67 93 26
67 52 31
67 94 5542
67 53 260
67 9 87817
67 61 1700
67 95 867
67 54 113
67 32 314
67 55 512
67 56 818
67 2 41406
67 96 1
67 57 786
67 97 27
67 98 3278
67 36 25
67 59 66332
67 99 1
100 79 28
101 4 12
39 102 1181
39 40 237
39 41 5663
39 91 506
39 53 4249
39 9 527
39 54 891
4 103 80
4 3 194
40 104 27
40 105 6
40 106 1
40 40 23
40 107 1
40 41 1
40 42 4
40 108 1
40 46 1
40 109 1
40 110 2
40 88 6
40 22 1
40 50 3
40 111 7
40 30 1
40 53 2
40 9 9
40 112 6
40 55 3
40 58 2
68 2 13
13 69 2
113 104 175
113 105 1639
113 106 3544
113 4 357
113 14 629
113 114 47
113 115 11811
113 71 21
113 116 8386
113 1 665
113 108 50
113 117 2515
113 109 39
113 18 859
113 49 21
113 79 5677
113 118 235
113 119 9446
113 120 454
113 94 443
113 54 293
113 33 5312
113 121 13164
113 122 650
113 123 357017
113 7 2798
113 124 7189
5 4 440
14 125 35
14 126 209
126 11 3
126 12 1305
126 14 4326
126 125 1
126 15 50
126 127 1526
126 18 549
126 128 1
126 129 63
126 20 78391
126 130 32331
126 131 152
126 132 170
126 50 10
126 93 326
126 28 26
126 9 51443
126 61 1
126 32 12217
126 56 4
126 133 2
126 64 1240
126 33 3696
126 99 56834
15 123 24
134 111 21
134 2 2
134 121 27
134 123 18
134 124 23297
69 103 45
69 67 29
114 109 2239
114 120 1868
114 123 19
70 110 23
70 2 1
41 39 84
41 43 20
41 53 305
41 54 6
42 38 504
42 67 19490
42 41 1638
42 44 210
42 73 127
42 46 8214
42 47 8206
42 78 1297
42 49 2852
42 50 973
42 91 5861
42 52 42
42 56 164
42 2 20
42 96 890
42 57 569
42 59 17973
43 38 1004
43 67 294
43 41 212
43 44 48
43 72 255
43 108 190
43 46 3605
43 47 40
43 48 12554
43 49 1183
43 85 282
43 52 25067
43 53 3290
43 9 42
43 55 31902
43 96 5
43 58 20
44 0 8863
44 38 44
44 67 290
44 39 236
44 40 42
44 41 21
44 43 22
44 45 3527
44 72 414
44 135 2454
44 73 6077
44 1 409
44 46 5049
44 47 215
44 76 50
44 78 1
44 49 3229
44 80 688
44 81 375
44 82 241
44 83 1717
44 110 1000
44 85 883
44 90 104
44 50 1685
44 91 9663
44 52 814
44 94 4385
44 53 40
44 61 725
44 54 499
44 55 24
44 2 9220
44 96 45650
44 59 2905
136 9 5
45 38 50
45 39 107
45 40 25
45 69 56
45 41 1188
45 71 190
45 137 220
45 46 76738
45 47 83249
45 138 24
45 77 2527
45 139 41
45 49 76295
45 80 526
45 140 30
45 81 5890
45 83 59213
45 84 14
45 23 24
45 50 20011
45 92 2426
45 141 11
45 29 50
45 53 4913
45 9 28141
45 61 735
45 32 25
45 56 44
45 98 2592
45 122 707
45 58 1448
45 36 1662
45 59 23006
72 42 1
72 73 1
72 46 1
72 49 1
72 82 47
72 88 2
72 9 40
72 96 1
72 59 1
142 143 845
142 50 1
142 133 72
142 59 1
144 145 56
16 26 1
16 146 3
73 72 25
73 82 69
73 91 975
73 9 2105
73 55 5
73 96 1555
73 122 120
1 102 220
1 0 7026
1 38 2119
1 67 187147
1 147 97
1 39 367
1 4 40
1 40 61
1 148 88
1 13 54
1 14 227
1 107 30
1 69 86
1 70 1395
1 41 121
1 115 1398
1 42 286
1 43 717
1 71 26
1 44 2821
1 45 7188
1 72 10
1 73 299
1 149 398
1 108 40
1 46 84242
1 47 25500
1 75 305
1 150 45
1 48 592
1 76 463
1 128 1
1 78 3135
1 139 1897
1 49 264815
1 80 2146
1 81 691
1 82 451
1 83 1892
1 84 1963
1 85 63
1 86 3100
1 151 13
1 20 151
1 21 1
1 87 1276
1 88 48
1 90 1549
1 50 63449
1 152 39
1 91 884
1 92 976
1 93 153
1 28 516
1 52 2476
1 94 157479
1 66 37
1 53 2807
1 9 14326
1 61 1309
1 95 366
1 54 115
1 32 10
1 55 22
1 56 190
1 2 510146
1 64 73
1 96 774
1 57 2538
1 153 151
1 97 126
1 98 11905
1 122 635
1 36 553
1 59 109131
1 7 154
108 60 144
108 42 2
108 110 1
108 88 1
108 9 417
108 122 1
108 58 90
46 102 141
46 8 150
46 38 43040
46 60 50
46 62 1
46 65 61
46 67 56021
46 39 429
46 4 54
46 40 1924
46 14 781
46 134 27
46 114 18
46 41 1189
46 42 815
46 43 37406
46 44 30332
46 116 501
46 45 568
46 72 10547
46 73 48
46 1 7415
46 108 20
46 47 6167
46 48 2697
46 76 51
46 128 192
46 139 699
46 49 62259
46 154 18
46 81 111
46 155 49
46 82 1694
46 83 26
46 85 3036
46 86 105
46 20 813
46 89 24
46 90 7
46 50 947287
46 51 44
46 91 2
46 92 435
46 93 78
46 111 125
46 28 4082
46 52 22124
46 94 3286
46 66 19
46 53 6931
46 9 4511
46 61 29
46 54 1195
46 55 7198
46 56 4
46 2 4040
46 64 2092
46 96 2141
46 57 98
46 153 50
46 33 1581
46 122 829
46 58 103
46 36 344
46 59 2959
46 123 6
46 156 35
46 99 23
47 102 1698
47 105 2
47 39 12
47 40 1567
47 41 125
47 42 4
47 43 173
47 1 503
47 46 23
47 78 3
47 49 3
47 51 16
47 52 688
47 53 84
47 9 41
47 112 1
47 54 25
47 55 160
47 56 137
47 59 23
117 100 7
117 157 48627
117 109 21
117 120 8153
117 123 64
109 120 17
109 123 42
48 41 373
48 43 190
48 72 232
48 46 43
48 128 1
48 82 299
48 85 215
48 51 15
48 53 5808
48 9 3
48 54 23
48 55 76
48 58 16
138 10 130
138 62 1752
138 113 20
138 1 5
138 47 3
138 81 26
138 20 4269
138 21 721
138 23 7332
138 132 45067
138 92 21
138 93 1505
138 61 11
138 158 559
138 32 584
138 64 16199
138 36 113
138 59 35
138 123 10
18 14 10
18 126 10
18 15 42
18 138 21
18 129 469
18 20 6210
18 159 38
18 94 5
18 32 6974
18 33 10
18 36 31
128 160 26082
128 60 33831
128 11 286
128 41 21
128 77 97554
128 154 27
128 140 1
128 81 806
128 155 187
128 92 45
128 93 982
128 29 250
128 9 114
128 161 63
128 122 21
128 162 9885
128 36 4573
78 50 5
78 59 1616
139 38 290
139 67 12656
139 42 3
139 43 31
139 1 28661
139 46 10435
139 47 5447
139 78 72
139 49 697
139 50 13206
139 91 4845
139 9 5518
139 2 28743
139 57 4702
139 33 50
139 59 112140
49 102 10517
49 38 4046
49 65 49
49 67 6136
49 39 184
49 40 213
49 41 806
49 43 2793
49 44 876
49 45 26
49 72 502
49 73 32
49 1 7234
49 46 113014
49 47 8261
49 48 110
49 78 3595
49 82 919
49 84 3
49 85 566
49 86 3
49 88 974
49 50 2657
49 163 2
49 51 4
49 91 32
49 52 9037
49 53 340
49 9 158
49 54 8
49 55 476
49 56 3304
49 2 302
49 96 20
49 57 83
49 59 8531
129 14 36
129 126 20
129 127 5
80 11 504
80 77 8498
80 78 26
80 81 1908
80 83 759
80 92 356
80 29 566
80 153 4497
80 36 1857
154 9 294
154 161 100
140 50 2
140 164 5
155 160 50
155 154 324
155 9 268
155 156 1
82 105 1
82 72 135
82 85 86
82 111 1
82 52 9
82 9 4670
82 96 187
82 59 1
83 11 988
83 74 54
83 77 1033
83 80 28094
83 81 18901
83 92 7100
83 28 58
83 29 1840
83 9 30
83 61 19022
83 133 17
83 153 32360
83 98 6300
83 36 25174
85 65 9
85 46 1
85 82 415
85 66 40
85 9 389
86 67 4936
86 41 23
86 1 62
86 46 32
86 49 4
86 50 156
151 107 17
151 23 63
20 67 20
20 12 32
20 14 53
20 18 426
20 50 37
20 32 1220
20 33 1852
87 148 100
87 70 243
88 41 44
88 50 3190
88 57 288
119 100 1079
119 115 4
90 67 1862
90 39 11
90 1 26515
90 46 553
90 49 23
90 89 1
90 50 2097
90 94 1048
90 2 2053
90 57 1323
90 59 152
50 160 3
50 102 735
50 0 28782
50 103 2369
50 104 393
50 3 20
50 8 719
50 38 3970
50 105 29
50 11 15
50 62 2224
50 106 4758
50 65 457
50 67 418132
50 100 58
50 147 57
50 39 7739
50 4 1315
50 12 137
50 40 2030
50 148 372
50 68 8939
50 113 1
50 165 29
50 5 735
50 14 22
50 126 199
50 107 25
50 69 947
50 70 19830
50 41 8039
50 115 20009
50 42 8666
50 43 4051
50 71 48
50 44 1397
50 166 381
50 116 4396
50 45 40658
50 167 11
50 137 354
50 72 1237
50 73 2623
50 1 69129
50 149 221
50 168 8714
50 108 105
50 46 189429
50 74 600
50 47 22905
50 169 1489
50 75 854
50 150 207
50 170 9321
50 171 177
50 109 1070
50 48 3679
50 76 591
50 128 977
50 77 528
50 78 337
50 139 12486
50 49 75722
50 79 7777
50 80 1052
50 154 93
50 81 2381
50 82 896
50 83 17932
50 110 1082
50 84 9956
50 85 3287
50 86 46
50 20 5577
50 87 1811
50 88 4247
50 89 28042
50 23 60
50 90 16321
50 143 126
50 120 394
50 51 920
50 91 694
50 92 579
50 93 6846
50 141 218
50 111 133
50 28 3499
50 52 11931
50 94 35800
50 29 6
50 66 298
50 53 9348
50 9 90538
50 172 412
50 173 794
50 112 742
50 174 174
50 61 10510
50 95 61073
50 54 2378
50 158 1260
50 175 948
50 32 1022
50 55 2149
50 56 2670
50 2 50593
50 64 4857
50 176 3222
50 177 7560
50 96 4160
50 57 8692
50 153 2450
50 161 101
50 33 111
50 97 5648
50 121 15037
50 98 11187
50 122 5262
50 58 461
50 36 1216
50 59 29283
50 178 25
50 123 116
50 7 25
50 156 725
50 99 175
50 179 251
26 12 92
26 180 353
26 16 18658
26 17 1525
26 19 36
26 20 1917
26 25 1277
26 181 1
26 27 2
26 28 300
26 31 835
26 32 1688
26 182 33
26 35 134
26 146 40
26 37 228
120 109 9
51 102 203
51 65 4
51 39 37
51 40 1053
51 41 312
51 47 21
51 53 2255
51 54 1770
91 67 43
91 42 22
91 51 2
91 59 2
92 164 1
92 36 253
93 160 1089
93 103 26
93 11 2
93 62 25
93 134 10
93 138 8
93 20 5845
93 23 137
93 92 2
93 32 287
93 64 13307
183 134 10
183 47 29
183 49 2
183 111 3
183 123 3
52 65 956
52 39 12
52 40 137
52 42 2
52 43 144
52 72 122
52 73 1
52 46 7
52 48 614
52 49 33
52 85 45
52 88 3
52 50 20
52 91 11
52 66 11885
52 53 6
52 9 11175
52 55 11
52 58 62
52 123 1
94 103 276
94 67 512
94 68 1698
94 44 42
94 1 1037
94 46 1882
94 150 105
94 86 211
94 89 1
94 184 1
94 50 5045
94 174 66
94 95 3
94 2 6577
94 59 2084
29 81 18
30 14 2
30 9 11
66 65 20
66 154 10
66 53 2
66 58 434
53 0 1
53 104 1
53 67 2
53 185 1
53 42 1
53 47 1
53 88 2
53 66 985
53 9 1
53 112 1
53 58 2
9 60 13172
9 126 135
9 127 971
9 108 103
9 154 7613
9 155 116
9 130 442
9 161 406
9 58 1045
9 156 169
186 187 8
32 12 364
32 138 2
32 18 129
32 20 8861
32 33 16
55 40 20
55 43 3291
55 48 1372
55 52 425
56 39 72
56 40 43
56 41 858
56 43 23
56 46 11787
56 48 10
56 49 349
56 50 810
56 54 24
182 19 1
182 30 1
133 103 16917
133 69 28
133 71 46
133 1 214
133 149 30
133 74 29
133 188 162
133 23 241
133 143 353
133 50 467
133 163 9
133 158 1
133 59 283
133 189 1425
133 190 581
2 65 10
2 67 7728
2 39 35
2 41 510
2 43 1762
2 44 5580
2 167 5
2 73 385
2 1 12658
2 46 53009
2 47 20
2 48 19
2 76 209
2 78 2861
2 49 1734
2 82 20
2 110 1
2 85 94
2 89 2
2 90 46
2 50 10499
2 91 261
2 52 10293
2 94 101709
2 9 51
2 54 16
2 55 74
2 56 375
2 2 1398
2 96 1009
2 57 203
2 59 31214
64 81 9
64 21 1
64 29 3
64 61 2
96 44 335
96 73 4050
96 91 1296
96 53 42
96 9 207
96 2 1
57 67 72
57 1 21
57 46 266
57 48 24
57 49 69
33 14 9
33 118 3
33 20 41
33 59 47
35 16 16
121 169 56
121 112 96
121 123 1
98 10 23
98 38 48
98 43 70
98 1 98
98 46 1489
98 49 433
98 86 23
98 59 23
122 60 1906
122 39 93
122 40 1554
122 41 854
122 42 284
122 43 19
122 108 3218
122 47 440
122 48 47
122 77 56511
122 80 70
122 53 4
122 9 12400
122 59 40
191 59 2
58 65 56
58 93 1
58 66 60
58 9 26
36 160 25
36 80 26
36 81 187
36 92 3571
36 29 97
36 61 26
59 160 31
59 0 2236
59 104 25
59 10 26
59 38 44
59 67 3549
59 4 125
59 40 21
59 70 175
59 41 45
59 42 476
59 43 168
59 44 4267
59 45 18935
59 137 20
59 135 5
59 73 110
59 1 1067
59 46 1412
59 74 39
59 47 1549
59 48 185
59 76 49
59 138 350
59 18 49
59 128 95
59 77 102
59 78 46775
59 139 7832
59 49 1188
59 79 25
59 81 840
59 83 125
59 151 51
59 88 282
59 90 14712
59 50 13958
59 163 71
59 91 1820
59 28 100
59 52 516
59 94 4742
59 9 712
59 61 1903
59 54 41
59 175 9
59 32 95
59 55 174
59 56 486
59 133 365
59 2 77591
59 96 5220
59 57 351
59 153 385
59 33 2936
59 122 397
59 58 20
178 107 10
178 71 42
178 1 5
178 140 470
178 133 90
178 59 17
178 189 5
123 104 162
123 105 641
123 106 9
123 100 87
123 113 183278
123 5 1632
123 14 3843
123 125 324
123 126 523
123 15 24909
123 134 270
123 145 151
123 166 5
123 116 1091
123 157 775
123 117 394
123 109 31
123 18 46
123 78 17
123 79 132
123 20 3842
123 119 47086
123 159 10
123 184 2
123 50 5
123 26 21
123 120 191
123 163 13
123 111 501
123 28 1014
123 30 2597
123 9 2591
123 172 25
123 173 256
123 32 4729
123 2 2
123 33 32
123 121 108
123 36 24
123 59 7446
123 7 609
7 3 28
179 145 1
179 137 97
179 61 31
179 164 7
189 133 9
189 59 3
190 143 20
190 189 343
