0 1 3
2 3 4
4 5 1
4 6 1
4 7 1
4 8 1
9 10 2
9 11 115
9 12 2244
9 13 80
9 14 1
9 15 235
9 16 4
9 17 5
9 18 1
9 19 5
9 20 17
21 17 482
10 9 7
10 22 39
10 23 98
10 11 706
10 12 982
10 24 111
10 15 354
10 16 10
10 17 331
10 18 30
10 1 3
10 20 76
10 25 209
10 26 15
27 28 11
27 29 27
30 31 5
30 32 3
33 10 2
33 11 3
22 26 409
34 25 1
35 5 22111
35 36 3
35 37 25
35 6 87
35 17 2461
35 8 25
38 22 2
39 22 1
39 40 4
39 41 16
39 26 4
42 11 93
42 43 10
42 26 2
44 11 2
44 32 1
44 45 1
44 15 21
44 46 2
44 19 3
44 20 8
44 25 84
23 13 11
23 17 7
23 18 45
47 48 2
47 12 2
47 46 8
47 19 2
49 31 11
49 50 1
51 9 2
51 14 1
51 52 30
51 25 1
53 54 2
55 22 1
55 56 86
57 15 3
11 9 13
11 10 523
11 23 15
11 47 7
11 12 924
11 32 34
11 13 43
11 45 29
11 14 1774
11 43 2
11 24 66
11 15 37
11 46 8
11 16 1
11 58 6
11 59 8
11 17 6
11 60 10
11 1 228
11 19 2
11 20 479
11 25 584
12 9 357
12 10 1
12 23 61
12 47 37
12 57 142
12 11 178
12 32 481
12 13 5
12 14 885
12 24 2
12 15 21
12 46 46
12 16 62
12 58 2
12 59 2
12 17 1
12 18 18
12 1 1
12 19 300
12 20 1
61 10 12
61 22 14
61 12 11
61 14 16
61 15 5
61 20 2
61 25 96
61 26 1
32 62 71
32 9 1
32 10 9
32 30 6
32 44 3
32 11 5
32 12 31
32 13 3
32 15 1
32 63 10
32 16 1
32 59 15
32 17 163
32 29 1
32 18 1
32 25 22
64 65 23
64 40 19
64 26 643
66 31 4
66 67 2
66 68 135
66 22 70
66 26 11
40 39 1
40 69 2
40 26 7745
40 70 7
13 9 17
13 11 16
13 12 80
13 15 52
13 59 8
71 72 1
71 10 2
71 5 15
71 11 9
71 12 6
71 52 3
71 15 1
71 58 3
71 73 2
71 20 2
71 74 5
71 25 84
71 26 22
75 37 1111
75 6 3
75 7 8
76 77 170
76 78 9
76 21 366
76 79 13
76 80 7155
76 81 11
76 52 13
76 82 154
76 83 2
76 17 99
76 84 70
76 85 7
76 74 2271
45 25 2
86 9 8
86 11 2
86 15 10
86 60 1
86 25 2
14 9 300
14 10 160
14 27 11
14 22 6
14 28 62
14 23 7
14 47 11
14 11 720
14 12 829
14 32 45
14 13 129
14 37 106
14 54 5
14 87 2
14 15 8
14 46 3
14 59 33
14 17 10
14 18 17
14 60 437
14 1 31
14 19 17
14 20 123
14 25 161
88 72 923
88 80 9345
88 86 79
88 52 2288
88 89 2255
88 82 109
88 90 1533
88 59 97
88 91 22191
88 74 1222
81 17 2236
92 81 5
92 17 23
54 53 20
54 93 1
54 16 1
54 17 22
89 72 6
89 11 2
89 12 2
89 80 2
89 52 87
89 82 1
89 90 200
89 73 9
89 20 1
89 74 64
89 25 6
93 94 3
93 54 12
93 17 51
24 10 2
24 11 7
24 12 2
24 15 4
6 95 34
6 7 4806
96 11 40
97 25 1
98 22 14
98 26 53483
99 11 149
99 43 33
99 100 2
99 1 9
15 9 405
15 72 2
15 94 101
15 10 1286
15 30 6
15 22 296
15 5 6
15 28 14
15 23 110
15 47 820
15 53 78
15 57 238
15 11 2425
15 79 2
15 12 13534
15 32 22
15 13 74
15 101 43
15 45 367
15 14 106
15 81 2
15 52 5
15 54 200
15 93 135
15 24 32
15 46 580
15 16 179
15 58 5
15 90 2
15 102 2
15 59 107
15 17 2931
15 73 3
15 18 5
15 1 189
15 19 1559
15 20 355
15 69 77
15 74 63
15 25 10125
15 26 1507
103 56 3
41 26 39
63 27 55
63 30 303
63 28 44
63 32 64
63 59 195
63 29 264
63 60 2
63 19 4
82 72 1
82 52 22
82 74 826
104 12 48
104 105 10
106 5 1
16 94 10
16 23 9
16 53 18
16 12 8
16 32 1
16 54 87
16 93 1
16 59 11
16 17 71
16 69 28
58 60 1
58 1 22
107 5 1
107 37 652
102 94 1
102 59 16
59 12 1
59 102 4
17 53 21
18 23 38
18 13 6
60 9 1
60 27 24
60 28 2
60 12 3
60 13 1
60 29 21
108 109 1
108 11 7
108 12 2
108 61 1
108 110 1
108 20 5
1 9 678
1 94 8
1 10 1374
1 27 27
1 22 5
1 28 23
1 23 257
1 47 441
1 53 2
1 57 190
1 11 34995
1 12 12205
1 32 33
1 13 224
1 45 92
1 14 9296
1 54 49
1 43 26
1 93 32
1 24 13
1 15 9060
1 46 5
1 16 212
1 58 974
1 59 15
1 17 1096
1 29 2
1 18 23
1 60 62
1 1 14
1 19 1075
1 20 557
1 69 8
1 25 4004
1 26 21
111 14 1
111 112 1
19 47 23
19 15 17
19 46 1
8 12 9
8 37 3
8 7 1
113 31 2
113 68 2
113 22 86
113 26 59
114 11 4
84 62 340
84 9 499
84 94 1
84 27 44
84 30 576
84 44 131
84 23 1
84 47 105
84 11 160
84 79 32
84 12 2392
84 32 494
84 13 7
84 80 9
84 14 6
84 81 33
84 54 3
84 15 429
84 63 5
84 46 24
84 16 3
84 102 37
84 59 257
84 60 335
84 19 74
84 20 89
84 69 6
84 74 2
84 25 7
69 53 19
69 54 108
74 52 212
74 90 29
74 73 5
25 22 2
25 57 19
25 12 1
25 45 6
25 15 11
25 74 1
115 116 1
26 22 12757
26 64 19
26 98 115
26 56 5
117 73 41
