4 586 109512
8 40 46
8 70 4754
8 100 8238
8 191 293
8 300 4786
8 368 3866
8 380 212
8 499 2689
8 807 4009
8 616 29
8 642 2276
8 688 26349
12 634 4
12 784 13
32 600 6880
51 268 37
51 643 1127
36 96 44
36 344 47
36 242 9
36 258 3
36 360 30
36 392 11
36 414 1
36 458 15
36 520 5
36 540 69
36 554 415
36 598 50
36 702 169
36 90 3
36 548 8
40 191 159
40 203 353
40 250 114
40 276 2399
40 348 505
40 380 206
40 528 208
40 616 258
40 642 9
40 703 1029
40 705 1957
40 756 113
40 826 41
31 398 186
31 643 64629
48 414 50
48 682 109
48 784 22
50 458 93
52 662 2
52 670 6
112 398 3255
112 440 15
112 643 120911
56 40 744
56 112 512
56 191 41
56 196 643
56 203 7136
56 180 2
56 208 465
56 233 171
56 246 7
56 250 75319
56 276 61371
56 300 1852
56 372 76
56 380 8008
56 428 2540
56 422 1
56 440 2157
56 442 3520
56 528 45545
56 578 24
56 616 1392
56 620 423
56 642 3
56 643 114
56 688 162
56 703 1185
56 705 827
56 724 7498
56 752 1515
56 756 22
56 784 1
56 826 13224
70 191 299
70 499 3
70 643 19
72 516 2
76 32 48
76 600 150
100 203 464
100 276 2
100 300 67
100 348 156
100 380 60
100 440 439
100 642 2775
100 688 2
100 724 40
100 804 13
100 826 11
854 204 13034
854 288 12500
108 180 3
108 646 25
120 140 3
120 266 2
124 344 45
124 158 84
124 250 25
124 392 505
124 702 2
124 840 157586
152 826 9
344 446 6
156 344 67792
156 446 3085
156 408 4
156 398 17509
156 417 5763
156 458 141
156 462 19
156 496 6179
156 608 12
156 643 86407
156 702 12
156 762 15
156 764 605
156 704 6127
158 344 20
158 702 24
170 250 1
170 591 1
188 170 5
188 250 330
188 840 27
384 422 1
384 430 12
191 40 24
191 70 227
191 100 592
191 203 418
191 276 5
191 348 687
191 380 55
191 528 28
191 616 17
191 688 18
191 703 40
191 705 1635
196 276 1
196 300 20
196 376 5
203 40 5
203 100 9
203 191 10
203 250 6
203 276 16
203 348 67
203 380 2
203 528 60
203 616 515
203 642 374
203 703 8021
203 724 29
208 203 11
208 233 162
208 234 150
208 246 5
208 250 7
208 276 61
208 528 99
208 578 46
208 616 18
208 752 1017
208 756 1
208 826 1
818 48 158
818 112 8494
818 250 6
818 352 1
818 414 10420
818 458 7
818 462 1
818 480 1
818 528 747
818 578 4
818 512 898
818 634 934
818 643 6677
818 682 42803
818 690 336
818 705 1
818 756 1
818 804 4
818 784 6358
818 826 135
222 558 1
233 246 36
233 428 65
233 440 39
233 578 3
233 643 3
748 710 127
231 262 10177
231 566 26
231 706 39178
231 729 46
231 784 104
242 520 1
246 428 1
250 12 173
250 40 3953
250 56 31248
250 70 4
250 100 300
250 344 4
250 191 20
250 203 8125
250 208 3873
250 226 3
250 233 828
250 246 60
250 276 75239
250 300 44
250 348 10
250 372 213
250 380 23420
250 428 45
250 440 531
250 442 1713
250 470 23
250 528 22111
250 578 703
250 616 21903
250 620 1064
250 410 1
250 642 395
250 643 280
250 703 1093
250 705 32
250 724 13605
250 752 7748
250 756 8444
250 804 264
250 784 41
250 826 15507
268 643 287
268 804 6
276 40 5401
276 31 1
276 56 395
276 100 1
276 191 520
276 203 624
276 208 1489
276 233 11
276 246 2478
276 250 2694
276 348 13
276 380 209
276 428 12
276 440 12
276 442 187
276 528 1981
276 566 2
276 578 8
276 616 2068
276 620 1
276 642 7
276 705 255
276 724 301
276 752 1304
276 756 819
276 826 286
288 854 53
300 8 361
300 36 5
300 40 36
300 56 65
300 100 31382
300 124 16
300 196 675
300 203 4
300 208 13
300 250 29
300 276 98
300 348 80
300 380 15
300 442 9
300 499 1
300 528 6
300 807 29
300 578 1
300 591 2
300 616 76
300 642 885
300 682 924
300 688 628
300 724 5
300 752 1
300 792 64
300 804 18
300 784 101
300 826 49
300 840 110
300 548 3
320 188 1
320 222 58302
320 340 616
320 558 269
320 591 5
320 840 6615
328 52 43
340 222 40046
340 558 267
340 840 84
348 40 1489
348 70 20
348 191 16
348 276 1
348 616 4
348 642 247
348 703 62
356 48 22
356 50 2616
356 404 16
356 414 95
356 462 679
356 524 2401
356 512 809
356 586 148841
356 634 11
356 682 296
356 702 29
356 784 30412
360 458 34
360 702 291
372 276 28
372 528 15
372 826 682
376 56 2
376 124 94
376 344 839
376 196 216
376 250 20
376 276 18
376 300 101
376 348 2
376 398 5
376 528 1180
376 642 11
376 643 5241
376 702 45
376 705 1966
376 826 16
376 840 2
380 8 2052
380 40 16685
380 112 77
380 56 669
380 70 175
380 100 301
380 124 35
380 344 1
380 191 2158
380 196 2
380 203 2415
380 208 2036
380 233 24
380 246 1
380 250 8179
380 276 28188
380 300 1082
380 348 1404
380 372 368
380 376 35
380 428 19
380 440 97
380 442 63
380 470 1586
380 499 62
380 528 803
380 578 437
380 616 3530
380 620 14
380 498 168
380 642 6116
380 682 12
380 688 224
380 703 775
380 705 5692
380 724 551
380 752 748
380 756 5966
380 804 2
380 784 7
380 826 8250
392 344 14
400 48 24761
400 368 19823
400 376 3389
400 414 65540
400 422 1853
400 430 22
400 512 23121
400 634 52706
400 642 38
400 643 37
400 682 96223
400 760 36106
400 784 95668
398 643 2650
404 112 197
404 344 1
404 634 7
404 643 197
404 800 12
404 784 1
414 368 7842
417 398 90
417 643 8
428 112 51
428 233 2115
428 440 1516
428 616 34
428 724 1
422 48 5
422 178 1
422 384 4
422 414 71
422 512 3
422 634 39
422 682 2098
422 784 84
422 826 1
440 112 71013
440 203 127
440 233 549
440 398 30
440 428 1197
440 496 1
440 528 43
440 616 32
440 643 7523
440 724 57
440 804 5
440 826 1
442 31 10
442 56 61
442 250 271
442 276 197
450 174 29
450 250 20
458 96 2
458 344 176
458 360 21
458 414 48
458 462 7
458 512 46
458 634 4
458 682 27
458 702 34184
458 764 738
458 784 10575
466 384 12
478 504 2
484 124 10092
484 276 9
484 392 157
484 840 1550329
499 70 1
504 48 4
504 56 19
504 854 44
504 124 152
504 344 1
504 178 1
504 384 111
504 203 23
504 226 6
504 250 279817
504 276 547
504 288 17
504 348 34
504 380 113
504 414 19
504 430 3
504 466 314
504 478 9837
504 528 17207
504 562 22
504 620 935
504 634 3
504 643 61149
504 682 3813
504 686 2686
504 724 13814
504 752 4577
504 756 1558
504 784 1583
504 826 18819
504 840 103
516 24 8
516 710 4895
524 356 485
528 28 1
528 40 8863
528 31 1
528 48 78
528 112 7373
528 56 30751
528 70 374
528 100 295
528 124 7
528 140 4
528 344 491
528 191 2496
528 196 1751
528 203 32884
528 180 1
528 208 18775
528 214 1
528 818 1
528 226 2
528 233 4994
528 246 12743
528 250 29463
528 276 424418
528 288 19
528 300 394
528 308 1
528 348 996
528 352 1103
528 356 13
528 368 41
528 372 17945
528 376 19
528 380 60778
528 392 255
528 400 47
528 398 61
528 404 15
528 414 307
528 428 11605
528 422 50
528 430 2
528 440 12635
528 442 296
528 458 6
528 462 4
528 470 474
528 480 1
528 499 6
528 566 52
528 578 20498
528 512 13
528 616 28728
528 620 456
528 634 578
528 410 1
528 498 4
528 642 3224
528 643 6992
528 662 1
528 682 303
528 688 495
528 694 1
528 702 277
528 703 2677
528 705 1518
528 724 29738
528 752 53633
528 756 5755
528 800 4
528 804 367
528 784 3544
528 826 168931
528 840 64
554 36 1090
554 124 433
554 344 77
554 184 17
554 242 64
554 258 124
554 392 1282
554 540 386
554 570 1
554 882 24
554 702 34
554 764 30
554 776 6
554 840 105
554 548 6
558 222 3027
566 562 26
807 112 23
807 70 2444
807 100 5367
807 191 1268
807 203 48
807 250 88
807 276 1
807 300 1963
807 348 74
807 428 89
807 499 799
807 578 15
807 616 16
807 498 54
807 642 178
807 643 2534
807 688 11300
807 703 3
807 705 263
807 752 17
578 528 6
578 724 4
512 48 15
512 414 7
512 634 39
512 682 50
512 784 12478
512 887 352
586 4 9184
598 242 1
604 152 854
616 40 866
616 112 25554
616 56 29
616 70 99
616 100 2689
616 191 109
616 196 547
616 203 7766
616 208 1094
616 233 1105
616 246 1512
616 250 4303
616 276 5706
616 300 746
616 348 378
616 372 275
616 380 3913
616 398 435
616 428 2859
616 440 5062
616 528 2782
616 578 257
616 620 1375
616 642 1168
616 643 465
616 688 62
616 703 1330
616 705 54
616 724 10308
616 752 1063
616 804 3483
616 826 8599
620 24 15
620 56 1010
620 132 76
620 246 48
620 250 2587
620 276 8
620 624 11
620 372 2
620 380 71
620 442 95
620 528 2388
620 616 2077
620 724 161393
620 752 113
620 756 18
620 826 419
410 344 2
410 392 3751
410 496 3
410 643 7
410 702 12
410 840 1
498 112 3895
498 368 32
498 440 19
498 616 19
498 642 42
498 643 88
498 792 5
498 804 117
642 40 210
642 100 49
642 203 47
642 276 103
642 300 33
642 380 22
642 498 148
642 703 6
642 724 665
642 804 10
642 826 5
643 112 164
643 268 1
643 398 13
643 496 1
643 804 11572
646 180 9
646 800 6
682 48 3429
682 818 30
682 368 1520
682 414 2199
682 512 389
682 634 1627
682 784 6711
686 8 1872
686 56 12
686 100 11
686 250 1505
686 276 1019
686 528 4488
686 826 1127
688 112 116
688 70 1296
688 100 842
688 191 345
688 250 120
688 276 6
688 300 486
688 348 7
688 380 9
688 499 3051
688 807 20
688 642 486
688 643 1407
688 705 223
702 96 85
702 116 10
702 158 14
702 356 1
702 360 50
702 458 29
702 104 2
702 764 8
702 626 1
703 40 83
703 203 1565
703 276 27
703 348 2197
703 470 1
703 528 45
703 616 21
703 642 5
703 724 19
705 40 444
705 112 5
705 70 2454
705 191 94
705 276 377
705 348 22
705 380 85
705 499 208
705 528 1241
705 498 6
705 642 237
705 688 1991
705 703 56
705 724 163
705 804 2
705 826 1
710 24 222
710 72 4184
710 180 4
710 748 583
710 426 2222
710 454 27
710 480 29
710 508 10044
710 516 1528
710 598 24
710 646 1
710 682 4
710 690 10
710 800 1
710 784 123
710 834 1
710 894 8
710 716 45
724 12 15
724 40 12175
724 31 5
724 48 5
724 112 1190
724 56 16328
724 70 4
724 100 3458
724 132 190
724 344 2
724 191 1264
724 196 3589
724 203 24537
724 208 13306
724 226 16
724 233 1262
724 246 8757
724 250 140598
724 276 219035
724 300 293
724 348 9987
724 372 5697
724 380 45971
724 398 87
724 428 10561
724 422 2
724 430 1
724 440 17228
724 442 157
724 470 146
724 504 1
724 528 109472
724 578 1993
724 616 64645
724 620 27168
724 634 1
724 498 565
724 642 22326
724 643 19
724 682 139
724 688 160
724 703 5879
724 705 2089
724 752 24141
724 756 7498
724 804 505
724 784 182
724 826 146079
144 462 2
740 250 3
752 208 471
752 246 9
752 276 32
752 528 951
752 578 12
752 616 13
752 724 7
756 250 3
756 276 19
756 380 4
756 528 2
756 643 39
764 344 1
764 418 1233
764 458 2
764 462 1
764 104 266
764 702 396
780 52 4
780 740 3
780 826 1
788 250 4496
788 276 35
788 380 1588
788 414 38
788 434 10430
788 528 2925
788 634 7
788 643 147
788 682 59
788 784 726
792 8 227
792 40 374
792 31 247
792 112 11918
792 70 3063
792 100 15720
792 191 480
792 203 199
792 208 237
792 250 288
792 268 16521
792 276 2076
792 300 92
792 348 393
792 368 33591
792 376 9206
792 398 631
792 414 1835
792 428 143
792 440 100
792 462 5
792 499 280
792 528 2311
792 807 1033
792 578 21
792 616 3229
792 634 51
792 498 9151
792 642 16846
792 643 337426
792 682 35976
792 688 3982
792 702 2
792 705 186
792 752 5
792 756 18
792 760 19566
792 795 43
792 804 11720
792 784 1048
792 826 224
792 860 20
798 132 1
800 404 1473
800 646 117
800 728 1617
800 729 9
804 40 1
804 112 18838
804 100 57
804 196 1
804 233 296
804 428 630
804 440 178
804 584 1
804 591 3
804 616 2165
804 498 1133
804 792 1
804 826 1
784 4 37
784 24 7
784 174 1
784 262 4
784 364 11
784 462 9
784 480 1
784 512 5000
784 586 2
784 706 31
784 887 2
826 124 20
826 344 10
826 250 398
826 276 76
826 300 1
826 372 1461
826 528 796
826 566 12
826 616 69
826 620 23
826 634 4
826 724 46
826 784 832
834 174 2
834 180 100
834 404 150
840 28 24
840 36 84
840 44 1088
840 52 177
840 116 3
840 124 186735
840 344 34
840 156 644
840 158 32
840 170 5
840 214 41
840 250 2
840 258 2
840 332 50
840 376 600
840 388 7
840 392 1528
840 458 1
840 484 8523
840 528 2
840 591 13
840 608 2
840 410 154
840 702 33
840 724 24
840 740 4
840 764 2
840 780 690
840 704 42
858 826 4
887 682 364
894 72 2
716 508 1
