12 724 3
32 858 4
36 344 1
36 458 1
36 702 1
36 764 1
40 56 2
40 250 115
40 276 2244
40 348 80
40 380 1
40 528 235
40 616 4
40 643 5
40 703 1
40 752 5
40 756 17
31 643 482
56 40 7
56 124 39
56 203 98
56 250 706
56 276 982
56 442 111
56 528 354
56 616 10
56 643 331
56 703 30
56 724 3
56 756 76
56 826 209
56 840 15
70 191 11
70 688 27
100 28 5
100 300 3
120 56 2
120 250 3
124 840 409
152 826 1
156 344 22111
156 408 3
156 392 25
156 458 87
156 643 2461
156 764 25
170 124 2
188 124 1
188 340 4
188 558 16
188 840 4
384 250 93
384 430 10
384 840 2
196 250 2
196 300 1
196 372 1
196 528 21
196 578 2
196 752 3
196 756 8
196 826 84
203 348 11
203 643 7
203 703 45
208 234 2
208 276 2
208 578 8
208 752 2
212 28 11
212 659 1
818 40 2
818 380 1
818 414 30
818 826 1
233 428 2
242 124 1
242 554 86
246 528 3
250 40 13
250 56 523
250 203 15
250 208 7
250 276 924
250 300 34
250 348 43
250 372 29
250 380 1774
250 430 2
250 442 66
250 528 37
250 578 8
250 616 1
250 620 6
250 642 8
250 643 6
250 705 10
250 724 228
250 752 2
250 756 479
250 826 584
276 40 357
276 56 1
276 203 61
276 208 37
276 246 142
276 250 178
276 300 481
276 348 5
276 380 885
276 442 2
276 528 21
276 578 46
276 616 62
276 620 2
276 642 2
276 643 1
276 703 18
276 724 1
276 752 300
276 756 1
288 56 12
288 124 14
288 276 11
288 380 16
288 528 5
288 756 2
288 826 96
288 840 1
300 8 71
300 40 1
300 56 9
300 100 6
300 196 3
300 250 5
300 276 31
300 348 3
300 528 1
300 807 10
300 616 1
300 642 15
300 643 163
300 688 1
300 703 1
300 826 22
320 222 23
320 340 19
320 840 643
328 28 4
328 50 2
328 52 135
328 124 70
328 840 11
340 188 1
340 804 2
340 840 7745
340 860 7
348 40 17
348 250 16
348 276 80
348 528 52
348 642 8
356 48 1
356 56 2
356 344 15
356 250 9
356 276 6
356 414 3
356 528 1
356 620 3
356 682 2
356 756 2
356 784 5
356 826 84
356 840 22
360 392 1111
360 458 3
360 702 8
364 4 170
364 51 9
364 31 366
364 268 13
364 368 7155
364 398 11
364 414 13
364 512 154
364 586 2
364 643 99
364 792 70
364 795 7
364 784 2271
372 826 2
376 40 8
376 250 2
376 528 10
376 705 1
376 826 2
380 40 300
380 56 160
380 70 11
380 124 6
380 191 62
380 203 7
380 208 11
380 250 720
380 276 829
380 300 45
380 348 129
380 392 106
380 428 5
380 470 2
380 528 8
380 578 3
380 642 33
380 643 10
380 703 17
380 705 437
380 724 31
380 752 17
380 756 123
380 826 161
400 48 923
400 368 9345
400 376 79
400 414 2288
400 422 2255
400 512 109
400 634 1533
400 642 97
400 760 22191
400 784 1222
398 643 2236
417 398 5
417 643 23
428 233 20
428 440 1
428 616 1
428 643 22
422 48 6
422 250 2
422 276 2
422 368 2
422 414 87
422 512 1
422 634 200
422 682 9
422 756 1
422 784 64
422 826 6
440 112 3
440 428 12
440 643 51
442 56 2
442 250 7
442 276 2
442 528 4
458 96 34
458 702 4806
466 250 40
480 826 1
484 124 14
484 840 53483
504 250 149
504 430 33
504 478 2
504 724 9
528 40 405
528 48 2
528 112 101
528 56 1286
528 100 6
528 124 296
528 344 6
528 191 14
528 203 110
528 208 820
528 233 78
528 246 238
528 250 2425
528 268 2
528 276 13534
528 300 22
528 348 74
528 352 43
528 372 367
528 380 106
528 398 2
528 414 5
528 428 200
528 440 135
528 442 32
528 578 580
528 616 179
528 620 5
528 634 2
528 498 2
528 642 107
528 643 2931
528 682 3
528 703 5
528 724 189
528 752 1559
528 756 355
528 804 77
528 784 63
528 826 10125
528 840 1507
540 554 3
558 840 39
807 70 55
807 100 303
807 191 44
807 300 64
807 642 195
807 688 264
807 705 2
807 752 4
512 48 1
512 414 22
512 784 826
604 276 48
604 591 10
608 344 1
616 112 10
616 203 9
616 233 18
616 276 8
616 300 1
616 428 87
616 440 1
616 642 11
616 643 71
616 804 28
620 705 1
620 724 22
410 344 1
410 392 652
498 112 1
498 642 16
642 276 1
642 498 4
643 233 21
703 203 38
703 348 6
705 40 1
705 70 24
705 191 2
705 276 3
705 348 1
705 688 21
710 24 1
710 250 7
710 276 2
710 288 1
710 690 1
710 756 5
724 40 678
724 112 8
724 56 1374
724 70 27
724 124 5
724 191 23
724 203 257
724 208 441
724 233 2
724 246 190
724 250 34995
724 276 12205
724 300 33
724 348 224
724 372 92
724 380 9296
724 428 49
724 430 26
724 440 32
724 442 13
724 528 9060
724 578 5
724 616 212
724 620 974
724 642 15
724 643 1096
724 688 2
724 703 23
724 705 62
724 724 14
724 752 1075
724 756 557
724 804 8
724 826 4004
724 840 21
144 380 1
144 462 1
752 208 23
752 528 17
752 578 1
764 276 9
764 392 3
764 702 1
780 28 2
780 52 2
780 124 86
780 840 59
788 250 4
792 8 340
792 40 499
792 112 1
792 70 44
792 100 576
792 196 131
792 203 1
792 208 105
792 250 160
792 268 32
792 276 2392
792 300 494
792 348 7
792 368 9
792 380 6
792 398 33
792 428 3
792 528 429
792 807 5
792 578 24
792 616 3
792 498 37
792 642 257
792 705 335
792 752 74
792 756 89
792 804 6
792 784 2
792 826 7
804 233 19
804 428 108
784 414 212
784 634 29
784 682 5
826 124 2
826 246 19
826 276 1
826 372 6
826 528 11
826 784 1
834 180 1
840 124 12757
840 320 19
840 484 115
840 554 5
887 682 41
