0 1 7
0 2 93
0 3 19
4 5 12
4 6 21
7 8 1
9 10 1
9 11 1
9 12 432
9 13 24
9 14 5
15 16 33
15 17 2
15 18 70
15 19 24
15 20 46
15 21 3
15 22 32
15 23 11
15 24 3374
15 25 10
15 26 100
15 27 2
15 28 3
15 29 7
30 31 37
30 32 2
30 1 10
30 5 1049
30 33 8856
30 34 719
30 11 53
30 35 1001
30 36 284
30 37 11
30 38 129
30 39 11
30 40 17
30 41 40
30 42 438
30 8 77
43 44 17
43 38 28922
45 46 13
45 47 15
48 49 8
44 38 3214
31 30 688
31 44 59
31 50 189
31 18 1
31 1 1419
31 51 607
31 52 145
31 53 64
31 5 56089
31 33 85389
31 54 2153
31 34 60
31 55 6
31 56 8
31 11 2945
31 57 629
31 58 212
31 59 3078
31 35 18773
31 36 2488
31 37 42
31 38 13818
31 39 12
31 6 4220
31 41 130
31 42 1368
31 8 4688
31 13 932
32 60 105
32 3 231
32 40 8
32 42 4
61 9 380
61 11 58
61 14 38
62 7 8
62 63 2
62 64 1
62 62 167
62 65 1
62 33 1
62 54 12
62 66 1
62 67 1
62 35 1
62 68 3
62 37 1
62 38 40
62 49 1
62 39 1
50 18 3
50 69 19
50 70 46
50 5 1
50 71 443
50 13 145765
10 9 148
10 6 23
10 8 8
10 13 66
18 72 3
18 69 36
69 50 126
69 18 34028
69 72 138
69 33 12
69 20 1
69 73 209
69 74 9
69 22 620
69 38 40020
69 26 2
69 75 2
69 27 1
69 76 10761
70 18 2
77 5 377
77 68 2
77 13 6
78 50 1
78 79 23
78 5 24
78 80 5
78 81 187
78 82 230
78 13 42
83 66 12
60 32 85
60 11 3
60 40 92
65 8 48
1 31 32
1 5 7
1 33 13
1 34 1002
1 35 115
1 36 176
1 38 11
1 3 2
1 39 4606
1 6 51
51 84 187
51 33 5
51 35 315
51 85 16
51 6 20
51 41 528
86 77 341
86 13 17
87 4 43
87 30 43
87 43 62
87 45 43
87 62 23
87 5 62
87 33 8
87 88 1758
87 56 115
87 11 230
87 89 56
87 46 519
87 90 62
87 59 5
87 35 692
87 85 2
87 91 1
87 92 4
87 37 185
87 38 74
87 47 5009
87 3 22
87 39 20
87 40 109
87 93 8420
87 94 46
87 95 270
87 96 148
87 8 355
87 13 62
87 97 24
79 80 73
52 65 1
52 53 1
52 33 1
52 11 1
52 57 166
52 67 1
52 41 1
52 8 1
98 99 52
98 100 37
101 102 71
101 33 9
101 35 4
53 35 22
53 36 20
53 38 1
53 41 16
5 30 1135
5 44 138
5 31 12571
5 60 14
5 1 6763
5 51 698
5 53 20
5 103 1
5 33 42339
5 54 261
5 34 1195
5 55 3
5 56 384
5 11 15019
5 66 14
5 58 395
5 59 1459
5 104 81
5 35 4907
5 85 452
5 36 2777
5 105 269
5 37 5
5 38 2481
5 39 171
5 40 179
5 6 8944
5 41 498
5 42 6607
5 8 3536
106 38 1172
33 30 4892
33 31 25
33 1 1319
33 51 781
33 53 2475
33 5 2295
33 54 2246
33 34 34
33 56 1950
33 11 3490
33 59 118
33 35 3075
33 23 3
33 85 515
33 36 1375
33 105 46
33 37 93
33 38 37
33 39 431
33 6 15
33 41 4016
33 42 35
33 8 1401
33 13 1
54 0 1432
54 62 823
54 65 20
54 5 1
54 33 220
54 11 1
54 35 31
54 2 121
54 36 36
54 37 19
54 38 291
54 3 46
54 6 17
54 41 1
54 8 16
80 78 10
80 79 19838
80 81 683
80 82 24
107 7 2
107 108 5
107 48 30
107 50 1
81 18 17
81 78 32
81 79 36245
81 80 218
81 11 10
81 109 12
81 82 368
81 93 9
81 13 13
34 30 317
34 1 379
34 5 83
34 33 496
34 57 8
34 58 3
34 35 143
34 36 36
34 37 159
34 39 156
34 40 100
34 95 10
110 45 1
110 108 3508
110 71 14
110 46 18
110 22 1
110 111 144
110 112 700
110 113 6348
110 47 1
110 96 999
110 13 7
20 16 8
20 70 17
20 22 637
20 26 506
20 40 1
114 115 1334
114 116 285
114 43 1013
114 106 2
114 88 24629
114 73 10
114 46 8
114 113 5
114 38 1462
114 94 1
114 96 12
56 33 1
56 8 1755
117 30 1951
117 31 323
117 62 2
117 50 122
117 18 52
117 65 93
117 1 21
117 51 201
117 53 731
117 5 871
117 33 6089
117 54 248
117 34 64
117 11 80
117 59 2
117 35 10826
117 85 757
117 36 3
117 38 596
117 40 107
117 6 3
117 41 350
117 42 287
117 95 2
117 8 11949
117 13 1312
11 0 100
11 15 13
11 30 11306
11 44 87
11 31 603
11 32 310
11 50 34
11 18 3
11 60 1163
11 1 743
11 51 3218
11 5 6327
11 33 43871
11 54 520
11 34 849
11 56 273
11 71 19
11 57 24
11 90 2
11 58 77
11 59 46
11 67 17
11 35 3643
11 85 300
11 36 457
11 105 2
11 37 210
11 38 579
11 3 32
11 39 73
11 40 5310
11 6 75
11 41 264
11 42 4089
11 95 1
11 8 7237
11 13 1
89 0 36
89 45 18537
89 62 74
89 54 33
89 34 293
89 88 32925
89 117 52
89 46 34954
89 90 8664
89 91 15359
89 92 22284
89 118 170
89 37 1770
89 38 407
89 3 60
89 41 17
89 93 63490
89 96 86044
73 38 38172
119 50 3
119 5 1
119 33 1
119 120 2
119 22 1
119 8 19
74 73 37
74 38 1078
57 52 683
57 11 19
57 58 307
57 36 171
57 38 25
57 95 18
90 45 47
90 83 7
90 65 23
90 5 1
90 33 2
90 88 174
90 89 4
90 46 1430
90 91 307
90 92 123
90 47 766
90 93 18
90 96 648
90 8 3
58 44 118
58 52 233
58 57 1956
58 36 4
58 38 1601
59 31 62
59 5 149
59 33 23
59 35 15
120 121 13
22 16 113
22 20 20
22 26 19408
122 50 7719
122 123 20
122 35 1
122 13 893027
104 45 23
104 31 80
104 50 60
104 83 4
104 5 134181
104 103 2
104 33 83
104 34 11
104 11 203
104 46 2
104 66 186
104 58 566
104 124 126
104 35 548
104 36 88
104 92 4
104 38 7681
104 125 55
104 26 9
104 39 2416
104 6 11876
104 42 7524
104 96 66
104 8 619
35 115 1
35 126 310
35 15 11
35 30 6964
35 63 53
35 45 23
35 48 24
35 44 2297
35 31 16854
35 64 29
35 32 1
35 127 30
35 16 138
35 62 20
35 50 795
35 18 203
35 77 104
35 128 254
35 83 480
35 60 653
35 65 116
35 1 17477
35 129 16
35 51 12856
35 130 30
35 131 282
35 52 5176
35 53 8847
35 5 21970
35 103 132
35 132 176
35 106 11
35 33 312161
35 133 53
35 54 863
35 134 1164
35 135 73
35 107 224
35 81 31
35 34 2509
35 55 455
35 110 192
35 20 271
35 56 16187
35 11 37948
35 109 440
35 73 25
35 46 25
35 57 3264
35 66 4
35 58 5461
35 59 199
35 22 2268
35 136 1
35 67 199
35 124 480
35 137 7
35 85 13747
35 68 9
35 138 561
35 36 14675
35 105 300
35 92 24
35 139 17
35 118 48
35 37 605
35 38 19580
35 47 22
35 125 1387
35 140 272
35 26 374
35 39 1101
35 40 77
35 6 12064
35 141 83
35 41 51787
35 42 3716
35 142 60
35 143 119
35 95 121
35 96 593
35 8 161127
35 13 7200
24 15 3314
24 18 19
24 70 1
24 144 23
24 19 109
24 145 20
24 71 359
24 23 17
24 146 1
24 147 11
24 26 29
24 148 2
24 13 8
24 29 7
82 79 2981
82 80 23
82 81 3
149 150 56
149 137 40
2 0 351
2 30 2
2 44 535
2 32 3383
2 62 181
2 60 3038
2 1 72
2 51 6
2 5 2
2 33 80
2 54 4504
2 11 80
2 119 2
2 57 79
2 36 32
2 37 420
2 38 137
2 3 21839
2 39 36
2 40 1801
2 41 8
2 42 5
85 33 9
85 35 18
91 46 139
91 92 21
91 6 3
91 93 4
91 96 2988
113 115 222
113 92 1
113 8 2
151 68 1
36 30 4301
36 44 614
36 31 233
36 32 3
36 62 196
36 65 11
36 1 11667
36 51 56
36 52 720
36 53 533
36 5 1187
36 33 2395
36 54 184
36 34 368
36 11 36
36 57 1891
36 58 871
36 35 1140
36 85 33
36 118 35
36 37 2539
36 38 9587
36 39 1129
36 40 137
36 6 1709
36 41 2439
36 42 107
36 95 92
36 8 21661
36 13 40
105 152 30
105 5 103
105 11 8
105 59 5
105 40 8
105 6 49876
105 42 16
105 8 1736
92 47 14
139 18 1
139 71 2934
118 44 2663
118 37 775
118 38 18
118 95 140
37 7 1
37 18 1
37 65 1
37 1 19
37 11 1
37 67 1
37 85 1
37 118 34
37 38 266
37 6 37
38 52 4
38 73 1
153 15 1
153 13 1
125 31 9
125 69 8
125 5 5678
125 11 89
125 66 19
125 124 4
125 35 12
125 8 621
26 16 67
26 110 1
26 20 49
26 22 110
26 154 60
39 30 170
39 60 1
39 1 3089
39 33 31
39 34 25
39 36 192
39 6 3
39 95 32
40 30 21
40 32 127
40 60 8
40 33 241
40 34 27
40 11 141
40 35 56
40 3 65
40 8 11
100 126 140
100 128 1
100 83 1
100 129 35
100 5 2
100 103 11
100 133 9
100 99 55
100 154 25
100 8 1
100 155 1
6 30 10072
6 44 1712
6 31 17972
6 32 76
6 152 6
6 50 331
6 60 697
6 1 25374
6 51 4128
6 52 1292
6 53 6777
6 5 147733
6 33 198893
6 54 329
6 34 6563
6 55 21
6 56 2780
6 11 38998
6 57 4282
6 66 305
6 58 6124
6 59 59
6 124 30
6 104 5
6 35 170609
6 85 3318
6 36 29841
6 105 22423
6 118 53
6 37 143
6 38 8261
6 3 60
6 39 7528
6 40 495
6 6 112
6 41 15541
6 42 6502
6 95 56
6 8 183845
6 13 506
156 111 2
41 51 468
41 53 251
41 34 16
41 35 160
41 85 202
42 30 4
42 11 36
42 35 1
27 31 4
27 84 2
27 5 12
27 71 20
27 22 982
27 67 2
27 26 1914
143 7 18
143 48 452
143 49 23
157 115 2
157 50 46
157 5 1944
157 11 513
157 158 32
157 35 1
157 85 6
157 8 218
94 0 3201
94 30 4450
94 44 6065
94 32 10063
94 62 3372
94 65 388
94 1 1653
94 51 228
94 52 75
94 5 4540
94 106 4055
94 33 7002
94 54 5398
94 34 4708
94 88 788
94 11 490
94 73 9343
94 46 1324
94 57 2226
94 58 842
94 99 13
94 35 2831
94 2 4374
94 85 38
94 36 2829
94 118 10818
94 37 28070
94 38 105250
94 47 22964
94 39 221
94 6 76
94 41 139
94 42 212
94 95 794
94 96 71
94 8 783
95 44 2962
95 52 33
95 57 425
95 38 419
96 150 4
96 121 16
96 102 1
96 114 5
96 46 2135
96 91 53
96 92 328
96 47 4
96 125 6
96 159 4
8 45 12
8 31 18
8 53 296
8 5 90
8 33 25
8 56 3097
8 35 598
8 41 6
8 96 377
160 121 11
160 129 8
160 119 584
160 161 50
13 7 50
13 63 887
13 48 87
13 31 172
13 50 169704
13 70 18
13 78 23
13 5 74
13 33 1
13 110 1
13 109 24
13 71 1936
13 122 14338
13 35 304
13 139 118
13 153 1
13 162 3
13 49 2
13 26 6
13 143 209
14 61 63
163 63 861
163 77 247
163 5 10
163 143 2
97 102 28
97 164 34
97 71 4
97 47 2739
97 159 8
165 99 1
