0 1 124
0 2 11
0 3 5
4 5 220
4 6 188
4 7 444
4 8 362
9 10 20448
9 11 764
9 12 39875
13 14 46
13 15 210
13 16 2344
13 17 1670
13 18 145
13 19 16
13 20 1893
13 21 13
13 22 2730
13 23 1
13 24 980
13 25 26
13 26 9
13 27 89
13 28 5002
13 29 1442
13 30 17013
13 31 94
13 32 5
13 33 2255
13 34 37
13 35 52
13 36 3680
13 37 108
13 38 22
13 8 9393
13 39 47
13 40 6
13 41 684
42 43 21
42 1 391
42 44 154
42 45 71
42 46 8066
42 47 21
42 5 249
42 48 5100
42 49 1357
42 50 1385
42 51 1487
42 52 2401
42 2 22
42 53 600
42 54 8148
42 55 12114
42 56 2130
42 7 46
42 57 718
42 8 7
42 58 88
59 60 120
59 61 2822
59 62 23
59 63 59
59 3 199
59 64 55844
59 65 62
59 66 2656
67 68 27
60 0 65
60 43 66
60 59 407
60 1 401
60 44 22
60 5 20
60 61 485
60 62 20
60 63 562
60 69 182
60 2 2585
60 3 42455
60 54 22
60 64 87816
60 70 11429
60 71 285
60 72 1341
60 66 212394
73 74 176
73 43 35
73 14 104
73 75 353
73 1 821
73 44 448
73 76 323
73 77 14
73 78 1109
73 45 10
73 79 600
73 46 106
73 80 15
73 81 735
73 82 125
73 47 3362
73 5 205755
73 61 50
73 48 41530
73 49 713
73 83 15
73 84 55
73 50 275
73 85 1
73 62 22
73 86 84
73 87 757
73 51 2808
73 88 47
73 21 200
73 89 3068
73 90 28
73 91 2742
73 92 15
73 93 4883
73 94 58
73 95 465
73 96 51
73 6 754
73 69 144
73 97 798
73 52 672069
73 98 58
73 99 71
73 53 10129
73 100 2383
73 54 18985
73 31 3008
73 101 3038
73 70 85
73 32 56
73 102 33
73 55 3
73 56 177
73 103 29
73 7 6628
73 104 29
73 105 169
73 57 354
73 106 278
73 107 403
73 72 661
73 8 403
73 58 5916
73 39 25
73 108 26
1 45 1484
1 69 967
1 99 506
1 70 313
109 110 3
10 74 1
10 111 2
10 9 2080
10 67 14
10 14 6
10 112 2
10 113 1
10 11 1
10 16 24
10 114 4
10 79 14
10 81 4
10 48 5
10 49 26
10 115 5
10 51 4
10 116 4
10 89 2
10 90 64
10 96 32
10 117 52
10 52 2
10 99 5
10 118 36
10 28 1
10 100 5
10 30 1
10 33 18
10 72 2
10 38 1
10 58 8
10 108 50
44 79 2
44 46 3
44 49 3531
44 54 234
44 66 20
76 98 20
76 106 25
77 119 9
120 121 1238
120 122 3
120 123 54
120 82 2322
120 5 8
120 124 4032
120 125 27
120 20 1538
120 126 670
120 127 26
120 118 191
120 28 135
120 100 81
120 128 27
120 129 1578
120 101 1
120 36 9543
120 130 7524
120 72 454
120 39 412286
120 108 750
120 41 115
11 9 28
11 10 1534
11 124 100
16 131 11
114 14 654
114 75 588
114 15 2993
114 132 6
114 16 137210
114 131 4003
114 119 405
114 78 145
114 133 100
114 47 22
114 134 5
114 125 57
114 20 78
114 135 50
114 116 20
114 21 348
114 136 111
114 90 58
114 22 128389
114 23 35
114 137 37
114 127 55
114 26 261
114 138 2
114 27 36
114 28 2104
114 29 344
114 30 536
114 64 39055
114 31 230
114 101 143
114 32 23
114 33 20153
114 7 20
114 35 19528
114 36 30322
114 37 1083
114 106 145
114 72 1
114 8 859
114 41 113154
17 16 2
17 33 1
139 118 24
139 39 1
78 90 3
78 95 173
78 98 122
45 0 233
45 42 2151
45 1 818
45 44 1066
45 46 22
45 48 24
45 50 2361
45 51 1
45 69 652
45 2 373
45 53 402
45 54 707
45 70 1007
45 55 93
45 56 1430
45 58 44
122 126 5
79 42 204
79 14 120
79 73 3843
79 45 1490
79 5 142
79 48 11264
79 49 27599
79 86 1017
79 51 2394
79 52 698
79 99 360
79 53 6058
79 29 101
79 56 460
79 7 878
79 105 551
79 57 119
79 8 392
79 58 15946
46 43 12
46 42 4257
46 44 23
46 5 3
46 48 575
46 49 1
46 50 700
46 52 13
46 53 924
46 55 15117
46 66 20
80 140 120
81 0 45
81 4 4938
81 74 3
81 43 75
81 73 675
81 1 449
81 44 67
81 79 925
81 46 1466
81 47 16467
81 141 1181
81 142 453
81 5 229
81 48 11394
81 49 1248
81 50 71
81 85 1475
81 62 138
81 51 29090
81 88 1323
81 89 3296
81 91 1223
81 92 654
81 96 25
81 69 71
81 97 3952
81 52 10651
81 99 12944
81 53 1929
81 100 1934
81 54 72
81 31 892
81 7 3295
81 105 48077
81 71 1540
81 72 138
81 8 255
81 58 1517
143 39 323
47 0 311
47 14 1310
47 60 283
47 73 17961
47 75 28
47 1 1165
47 44 50
47 76 87
47 45 5928
47 79 1408
47 144 26
47 5 100
47 48 37132
47 145 486
47 49 120948
47 50 48
47 20 3403
47 62 20790
47 51 64395
47 88 1020
47 21 10323
47 146 28
47 89 72736
47 90 29
47 91 300
47 92 224
47 96 27
47 52 8350
47 98 87
47 26 5896
47 53 986
47 3 55
47 54 1249
47 64 132443
47 31 1761
47 70 21
47 32 112
47 56 33462
47 7 2215
47 105 4457
47 71 29985
47 107 3396
47 72 61282
47 66 4018
47 8 28528
47 58 5890
147 46 2030
147 142 821
147 48 1460
147 146 1607
147 92 430
147 99 25
147 53 419
147 105 24
147 66 210
18 38 8
142 60 80
142 81 13
142 147 3034
142 48 345
142 50 650
142 51 429
142 63 42
142 146 2502
142 92 1924
142 52 1101
142 99 727
142 53 2598
142 64 1292
142 105 5032
142 58 10
5 0 573
5 4 8995
5 74 101
5 43 53
5 42 5939
5 59 5
5 14 1313
5 60 191
5 73 550708
5 75 263
5 1 48
5 10 50
5 44 19966
5 76 418
5 77 1
5 120 13
5 16 126
5 68 153
5 119 33
5 78 591
5 45 566
5 79 1903
5 46 33651
5 80 21
5 81 4785
5 144 2
5 47 25602
5 148 12
5 147 51
5 142 211
5 19 24
5 134 207
5 61 51
5 48 125802
5 49 34079
5 83 977
5 84 50
5 50 32869
5 85 463
5 62 5671
5 86 4980
5 87 50
5 51 336887
5 116 60
5 88 6811
5 21 1657
5 146 160
5 89 4699
5 90 3
5 91 2903
5 92 42
5 93 6123
5 149 5
5 95 5893
5 96 141
5 24 682
5 69 2257
5 97 2779
5 52 126305
5 150 199
5 98 904
5 2 67
5 99 4
5 26 347
5 138 11
5 151 858
5 28 442
5 53 20522
5 100 158715
5 29 1380
5 3 66
5 54 42818
5 31 8374
5 101 6963
5 70 4851
5 32 225
5 33 34
5 55 31961
5 56 7182
5 7 616841
5 35 275
5 152 104
5 105 2622
5 57 9608
5 71 341
5 106 291
5 107 14313
5 72 2256
5 66 200
5 8 3831
5 58 27228
5 108 441
5 41 45
61 59 3212
61 60 19
61 62 40
61 3 60
61 64 57
61 65 320
61 66 227
48 0 1248
48 74 104
48 43 120
48 42 100277
48 59 439
48 14 778
48 153 3
48 60 567
48 73 414287
48 1 1314
48 10 5
48 44 7710
48 132 25
48 16 2117
48 45 3836
48 79 1062
48 46 107788
48 81 71133
48 82 600
48 47 3759
48 147 238
48 142 679
48 5 7173
48 61 312
48 49 8786
48 50 6493
48 85 150
48 20 13310
48 135 41
48 62 15149
48 87 125
48 51 117712
48 63 572
48 21 8095
48 154 5
48 146 811
48 89 225
48 92 947
48 93 593
48 22 7533
48 23 8
48 95 13
48 137 15
48 69 912
48 52 723248
48 127 50
48 99 24
48 26 12938
48 138 50
48 118 224
48 28 7193
48 53 96539
48 100 4559
48 29 1207
48 3 397
48 54 31904
48 64 3311
48 31 17575
48 70 1935
48 55 9213
48 56 4705
48 7 2807
48 105 3072
48 57 2084
48 71 50
48 155 20
48 36 20749
48 72 2134
48 66 1060
48 8 8971
48 58 5665
48 39 19
48 108 2
48 156 3
48 41 5607
48 157 375
145 5 2
49 0 4717
49 42 122
49 67 1
49 1 363
49 44 5526
49 45 59
49 79 733
49 46 1173
49 5 409
49 48 2840
49 50 99
49 51 69
49 146 65
49 92 25
49 117 1
49 69 125
49 2 1047
49 118 2
49 53 12097
49 54 15394
49 70 932
49 55 1160
49 56 22
49 7 105
49 66 168
49 8 2
49 58 7
124 158 76087
84 158 150
50 42 938
50 1 857
50 45 533
50 46 3016
50 48 219
50 53 254
50 54 2776
50 70 36
50 55 402
50 66 6
50 58 2
115 159 20
115 13 1
115 14 1012
115 153 40
115 160 6
115 120 3
115 16 1485
115 68 144
115 47 4
115 20 20538
115 116 37
115 161 60
115 21 7230
115 22 11045
115 23 5568
115 24 6854
115 137 13
115 162 269
115 110 18
115 163 304356
115 26 24889
115 29 893
115 30 23
115 64 5
115 31 11344
115 32 1464
115 33 71
115 103 56
115 35 10074
115 72 5561
115 8 4189
115 41 129
20 74 1
20 114 185
20 17 188
20 124 23
20 22 361
20 52 46
20 33 2683
20 58 40
86 85 4
86 97 25
86 8 5
86 58 5293
86 39 33
87 73 11585
87 81 932
87 142 327
87 5 10799
87 48 4092
87 86 1182
87 51 1893
87 92 33
87 52 31308
87 99 9755
87 3 356
87 64 2187
87 56 4409
87 7 6529
87 105 105
87 57 7933
87 66 262
87 58 53192
51 0 25
51 42 3556
51 14 15
51 73 3323
51 44 35
51 16 37
51 45 4249
51 79 11
51 46 3209
51 81 3750
51 47 68
51 147 309
51 142 433
51 5 13878
51 48 43489
51 49 1014
51 50 31
51 86 620
51 88 23
51 21 40
51 146 1128
51 91 90
51 92 1177
51 93 1118
51 96 692
51 24 141
51 69 27
51 52 4697
51 26 9
51 53 4935
51 100 106
51 29 18
51 54 2232
51 31 80
51 70 858
51 55 1346
51 56 2345
51 7 1199
51 105 3706
51 57 3592
51 107 375
51 66 374
51 8 54
51 58 1087
116 131 3
116 33 19
88 14 163
88 62 62
88 21 62
88 52 313
88 26 6
88 138 59
88 31 30
88 8 19
63 60 20
63 61 141
63 62 22
63 3 63
63 64 4178
63 155 179
63 72 147
63 65 5941
63 66 7432
63 156 245839
161 140 82
161 103 529
161 164 2
161 165 2893
161 58 1
154 60 20
154 61 374
154 63 16606
154 137 7
154 64 841
154 71 374
154 155 11
154 72 683
154 65 748
154 66 370
154 156 1183
146 46 973
146 147 2655
146 92 4165
146 53 7693
146 66 63
146 58 53
92 44 134
92 81 208
92 147 145
92 142 52
92 48 186
92 50 1342
92 86 14
92 51 1849
92 146 8688
92 53 3538
92 3 917
92 54 1049
92 64 6
92 31 1008
92 55 47
92 105 142
92 66 510
92 58 1110
92 156 8
93 43 23
93 73 6869
93 1 25
93 5 914
93 48 334
93 69 44
93 52 362
93 98 2
93 100 2
93 70 64
93 7 108
149 132 12
149 68 85
149 5 2
94 166 48
94 157 2
22 15 2
22 132 12
22 16 12
22 17 2
22 20 275
22 23 5
22 28 7
22 33 1485
22 36 1532
22 37 3
22 41 22
95 76 156
95 78 2025
95 18 36
96 52 842
96 7 25
96 105 383
167 113 1650
69 1 180
69 70 34
97 14 24
97 73 600
97 75 403
97 76 2719
97 78 4539
97 5 5853
97 48 261
97 145 30
97 49 301
97 83 112
97 168 33
97 51 137
97 90 124
97 92 26
97 95 12607
97 6 24941
97 52 4536
97 98 2104
97 169 30
97 26 2
97 100 1692
97 29 279
97 64 995
97 101 4443
97 7 21765
97 106 259
97 8 661
97 58 99
110 74 433
110 48 172
163 156 402
52 0 2935
52 4 74986
52 74 599
52 111 458
52 43 1007
52 42 9797
52 59 192
52 67 176
52 14 53
52 153 3185
52 112 7663
52 60 521
52 73 896424
52 75 707
52 1 7317
52 109 476
52 10 3365
52 15 60
52 44 4467
52 76 5861
52 170 2996
52 77 110
52 120 7
52 171 83
52 16 303
52 17 1
52 119 775
52 78 35060
52 45 6989
52 122 21551
52 79 6486
52 46 21474
52 80 75
52 81 5283
52 123 222
52 82 1472
52 47 43129
52 148 1
52 147 750
52 172 66
52 141 65
52 142 1664
52 5 86541
52 19 13
52 134 216
52 173 4127
52 61 518
52 48 252631
52 145 1727
52 49 13021
52 174 1209
52 83 656
52 168 647
52 125 10288
52 84 1101
52 50 22703
52 85 533
52 135 915
52 62 21642
52 86 1688
52 87 32144
52 51 90969
52 126 4247
52 88 4023
52 63 112
52 161 276
52 21 1385
52 154 94
52 146 904
52 89 11666
52 90 1029
52 91 10425
52 92 2129
52 93 2808
52 22 3362
52 95 8107
52 96 3651
52 6 19915
52 24 467
52 137 29
52 69 1040
52 97 26342
52 175 50
52 162 81
52 127 1127
52 98 218
52 2 1054
52 99 9067
52 26 337
52 138 5614
52 151 83
52 28 314
52 53 54547
52 100 36070
52 29 255
52 3 775
52 54 31649
52 64 4127
52 128 447
52 129 22
52 176 178
52 177 55
52 31 19602
52 101 48266
52 70 7969
52 32 145
52 102 847
52 33 106
52 55 12471
52 56 3078
52 103 3
52 166 2
52 7 81881
52 35 3361
52 152 6020
52 104 9510
52 105 8756
52 57 2362
52 71 20610
52 36 710
52 106 1753
52 130 20251
52 107 10357
52 72 15223
52 165 2
52 66 2490
52 8 2603
52 58 32208
52 178 79
52 39 2
52 108 1019
52 156 2303
52 41 161
52 179 6185
52 157 373
52 180 474
181 13 3
181 16 23
181 182 311
181 18 22615
181 19 1283
181 183 81
181 22 18
181 117 2
181 25 20
181 150 157
181 184 5
181 185 1293
181 34 22
181 186 531
181 38 4
181 40 407
98 112 59
98 18 35
98 176 1
2 0 14
2 60 97
2 1 747
2 46 2
2 69 4
2 3 264
2 64 5
2 70 835
2 66 13
99 81 20
99 5 83
99 52 4
99 8 1
26 29 781
26 8 235
138 159 113667
138 0 143
138 59 227
138 14 15314
138 75 132
138 15 769
138 68 57
138 61 286
138 49 106
138 20 29
138 62 11187
138 88 187
138 63 13193
138 21 16328
138 89 749
138 92 29
138 22 44520
138 23 1038
138 169 5
138 26 41837
138 29 49452
138 30 44
138 54 998
138 64 35126
138 31 4316
138 32 417
138 33 9110
138 103 86
138 166 28
138 35 112968
138 152 384
138 155 117
138 37 1079
138 72 9105
138 65 322
138 66 692
138 8 136035
138 58 2
138 156 4420
138 179 20
27 33 1
187 10 24
187 11 15
187 51 3
187 7 3
187 8 2
187 39 10
28 39 28
53 42 196
53 60 159
53 73 123
53 44 661
53 45 12
53 46 391
53 81 2
53 47 468
53 147 373
53 5 16
53 48 2384
53 49 42
53 50 1623
53 86 536
53 51 212
53 146 1196
53 92 1644
53 96 15
53 52 509
53 99 1
53 100 317
53 3 1176
53 54 13159
53 64 40
53 70 66
53 55 492
53 56 3
53 7 44
53 105 11
53 72 180
53 66 975
53 58 1880
100 74 7
100 42 9
100 73 582
100 44 19
100 170 5351
100 131 1
100 46 832
100 81 129
100 148 2
100 147 5
100 5 12715
100 48 5133
100 49 874
100 168 149
100 50 68
100 51 1043
100 93 293
100 52 2932
100 53 971
100 54 23
100 177 255
100 101 21
100 70 822
100 7 36872
100 105 29
100 57 11
100 8 1
100 58 134
29 135 184
30 16 73
30 183 1
30 64 354
30 33 4
30 40 4
30 41 750
3 2 130
3 70 22
3 66 23
54 44 56
54 45 20
54 46 14
54 5 2
54 48 29
54 49 479
54 50 18
54 51 6
54 92 12
54 53 2438
54 3 2010
54 7 1
54 58 32
64 43 42
64 59 124878
64 60 4753
64 61 1239
64 62 1520
64 63 8363
64 137 323
64 2 309
64 53 40
64 3 20906
64 70 9000
64 155 60
64 65 308
64 66 159652
64 156 1675
140 188 18
140 165 858
101 78 406
101 5 1
101 173 30
70 0 681
70 1 3320
70 44 392
70 45 24
70 50 405
70 69 2629
70 2 162
70 53 64
70 3 135
70 54 3075
70 55 36
70 56 22
70 66 115
70 8 312
33 153 1
33 15 89
33 132 14
33 20 154
33 22 531
33 162 1
33 28 2
33 41 40
55 42 13
55 44 71
55 79 4
55 46 4199
55 5 83
55 48 6
55 50 7590
55 51 8
55 92 1
55 96 8
55 70 43
55 7 1
56 42 2350
56 73 172
56 1 1127
56 45 1793
56 46 1525
56 81 450
56 47 135
56 5 32
56 48 29757
56 50 159
56 51 1093
56 146 473
56 92 295
56 69 26
56 52 565
56 53 6736
56 54 246
56 70 2907
56 55 1023
56 7 873
56 105 129
56 66 356
56 58 430
166 74 4336
166 109 22928
166 119 329
166 80 295
166 189 12475
166 5 28
166 145 70
166 21 227
166 190 11182
166 94 742
166 24 27
166 175 83319
166 110 22149
166 31 52
166 32 28
166 106 82
166 165 12
166 8 528
166 178 12
166 39 3
166 157 4890
166 180 3277
7 0 25
7 4 1548
7 43 25
7 42 371
7 14 26
7 73 31239
7 1 427
7 44 233
7 170 24
7 171 98
7 16 4
7 78 26
7 45 1069
7 46 5899
7 81 4954
7 148 120
7 147 521
7 142 1830
7 5 38137
7 134 1
7 48 41241
7 49 269
7 50 220
7 86 2134
7 51 8853
7 21 52
7 146 586
7 92 1872
7 93 82
7 22 22
7 95 110
7 96 274
7 97 117
7 52 7602
7 99 608
7 53 12554
7 100 120055
7 29 40
7 54 484
7 31 88
7 101 157
7 55 432
7 56 495
7 105 411
7 57 678
7 66 20
7 8 7
7 58 17106
35 8 1
105 16 449
105 81 2026
105 147 4
105 142 1772
105 48 311
105 146 492
105 92 66
105 52 46
105 99 2407
105 7 201
105 57 95
105 58 10
57 42 5317
57 5 343
57 48 2371
57 50 143
57 51 41
57 93 23
57 52 1540
57 7 46
71 29 1568
71 31 702
71 72 952
71 8 7541
36 16 1
36 22 3
130 111 1
130 176 16
107 76 782
107 5 212
107 51 758
107 91 708
107 54 66
107 8 78
72 59 1691
72 14 27
72 73 3
72 75 29
72 1 42
72 44 1082
72 79 245
72 47 1000
72 5 3
72 61 3424
72 48 40
72 135 124
72 62 94399
72 21 164
72 154 242
72 91 432
72 52 250
72 26 638
72 138 205
72 29 1148
72 3 41
72 31 994
72 166 25
72 71 55630
72 107 14860
72 65 184
72 66 572
72 8 7511
66 59 182
66 60 1814
66 61 5
66 52 20
66 3 2585
66 72 948
8 159 135
8 14 3160
8 10 2
8 144 29
8 47 69
8 115 171
8 135 20
8 62 232
8 88 1
8 21 11227
8 89 29
8 91 4
8 26 1243
8 138 93
8 28 1
8 53 1
8 31 2531
8 103 56
8 36 3
8 179 1
58 43 25
58 42 1341
58 14 1
58 73 33453
58 1 135
58 10 150
58 16 16
58 45 167
58 79 194
58 46 6118
58 81 3466
58 47 50078
58 141 263
58 142 931
58 5 4821
58 48 6154
58 145 2
58 49 631
58 50 993
58 85 902
58 20 1779
58 62 725
58 86 64643
58 87 398
58 51 843
58 88 600
58 146 1
58 89 75
58 91 150
58 92 25
58 96 202
58 97 10480
58 52 16530
58 169 100
58 2 22
58 99 2336
58 53 36228
58 100 2287
58 29 1
58 54 1111
58 129 1
58 31 2925
58 70 68
58 55 747
58 56 424
58 7 62575
58 152 25
58 105 2601
58 57 28
58 36 5415
58 130 365
58 72 1885
58 8 402
58 108 50
58 41 50
178 68 48
178 94 642
178 140 31
39 111 297
39 13 128
39 67 2321
39 14 69
39 112 297
39 10 83
39 120 278009
39 11 290
39 16 4293
39 114 221
39 17 32172
39 121 2198
39 123 149
39 82 8609
39 143 20
39 158 593
39 5 40
39 19 757
39 48 14
39 145 57
39 174 130
39 124 3892
39 125 15
39 84 8604
39 85 47
39 20 48
39 126 15
39 116 32241
39 21 361
39 146 19
39 22 13733
39 167 103973
39 97 253
39 162 70
39 52 21
39 127 781
39 26 23
39 118 1397
39 28 20150
39 29 52
39 30 14229
39 128 6
39 129 341
39 176 142
39 185 7
39 31 139
39 101 28
39 33 5067
39 166 44
39 36 7447
39 130 804
39 8 633
39 58 12
39 108 134
39 41 1527
180 175 2407
180 157 334
