4 508 1
4 586 217680
8 40 808
8 112 20
8 70 9032
8 100 8206
8 191 868
8 203 78
8 208 7
8 233 78
8 250 118
8 276 36
8 300 5388
8 348 63
8 380 3841
8 428 58
8 440 52
8 528 39
8 807 4196
8 578 29
8 586 23
8 616 65
8 498 60
8 642 4787
8 688 16221
8 703 13
8 705 840
8 752 149
8 756 38
12 250 3
12 724 43
12 784 15
32 76 890
32 600 8217
32 858 117
51 364 1
51 643 24475
51 784 8
36 96 25
36 344 90
36 184 3
36 242 34
36 258 8
36 360 16
36 458 7
36 520 11
36 540 55
36 554 186
36 598 13
36 702 258
36 90 1
36 548 4
40 191 148
40 203 1535
40 250 77
40 276 5454
40 348 752
40 380 296
40 528 966
40 616 474
40 642 16
40 703 495
40 705 3742
40 724 2
40 752 57
40 756 64
40 826 1
31 112 18
31 233 36
31 268 55
31 368 55
31 398 129
31 616 46
31 634 8
31 643 172877
31 804 935
31 784 389
48 784 10
50 458 39
50 682 20
50 702 4
52 670 1
112 428 18
112 498 160
112 643 57883
112 804 385
56 40 400
56 112 1075
56 100 11
56 344 3
56 191 59
56 196 19
56 203 4565
56 208 381
56 233 96
56 246 334
56 250 66700
56 276 64542
56 300 1495
56 372 14
56 380 10650
56 398 7
56 428 168
56 422 2
56 440 306
56 442 4365
56 528 59726
56 616 2615
56 620 802
56 634 1
56 642 107
56 643 1380
56 688 21
56 703 993
56 724 12324
56 752 930
56 756 1024
56 784 1
56 826 16368
64 756 1
70 191 760
70 499 23
70 688 1
72 516 5
76 28 1
76 32 269
76 44 10
76 48 2
76 52 1
76 152 1
76 344 30
76 156 5
76 196 8
76 208 3
76 250 1
76 276 3
76 300 13
76 356 3
76 364 1
76 380 2
76 392 4
76 400 1
76 422 1
76 430 37
76 470 23
76 584 40
76 528 1
76 578 5
76 591 37
76 600 261
76 608 2
76 620 3
76 702 19
76 792 3
76 826 4
76 840 4
76 858 45
100 40 64
100 56 17
100 191 108
100 196 1
100 203 1025
100 276 679
100 300 22
100 348 1795
100 470 1
100 528 145
100 616 484
100 642 4746
100 703 73
100 826 130
124 344 55
124 156 5
124 158 321
124 250 30
124 392 1636
124 840 174739
152 826 6
344 446 19
156 112 7
156 116 2
156 344 67463
156 446 4054
156 408 72
156 398 6721
156 417 994
156 418 47
156 458 90
156 462 1
156 496 2576
156 608 4
156 643 70403
156 702 11
156 764 866
156 840 13
156 704 43106
158 344 74
158 446 3
158 702 4
170 250 245
188 222 8
188 250 36
188 340 6
384 466 2
191 70 147
191 100 285
191 203 1130
191 276 1122
191 348 45
191 380 199
191 499 2
191 807 20
191 642 256
191 688 565
191 703 5
191 705 1315
191 724 259
196 276 1
196 300 4
203 40 1
203 100 12
203 191 43
203 250 4
203 276 11
203 348 57
203 372 130
203 440 7
203 528 34
203 616 295
203 642 240
203 703 6062
203 752 7
208 56 1
208 344 1
208 234 159
208 246 6
208 276 20
208 352 140
208 528 30
208 578 28
208 616 18
208 724 3
208 752 259
818 48 3440
818 112 56
818 56 3
818 100 18
818 262 24
818 276 20
818 300 25
818 348 18
818 368 7991
818 380 32
818 414 4173
818 422 55
818 434 731
818 462 4
818 480 4
818 528 1738
818 566 1
818 512 919
818 642 66
818 643 2413
818 682 35877
818 690 1
818 752 17
818 760 6206
818 788 162
818 792 27132
818 804 84
818 784 15865
818 826 330
233 246 80
233 428 238
233 440 92
233 578 3
748 710 7
246 233 421
250 40 6602
250 56 9678
250 204 1
250 100 15
250 120 1
250 148 3
250 344 13
250 178 2
250 384 2
250 191 1
250 203 11731
250 208 4170
250 262 3
250 233 341
250 246 2310
250 266 9
250 276 61038
250 300 2
250 348 20
250 372 197
250 380 20052
250 428 12
250 440 1028
250 442 1671
250 470 48
250 528 26962
250 578 897
250 616 18773
250 620 48
250 498 6
250 642 406
250 682 2
250 686 6
250 702 10
250 703 1033
250 705 161
250 724 26911
250 752 10095
250 756 8486
250 764 1
250 804 584
250 784 35
250 826 21809
268 51 61
268 112 70
268 428 49
268 498 36
268 643 1668
268 804 316
276 40 5544
276 56 141
276 100 59
276 191 321
276 196 8
276 203 676
276 208 1470
276 233 1
276 246 3442
276 250 688
276 348 17
276 380 115
276 428 3
276 440 47
276 442 196
276 462 13
276 528 1121
276 578 2
276 616 1459
276 620 2
276 642 130
276 703 89
276 705 269
276 724 188
276 752 1475
276 756 317
276 826 50
288 56 1
288 562 3
288 710 1
288 826 1
288 840 23
300 8 544
300 40 90
300 56 41
300 100 29536
300 191 13
300 196 904
300 203 1
300 208 1
300 250 10
300 276 115
300 348 47
300 380 24
300 428 5
300 440 1
300 499 41
300 528 5
300 807 295
300 616 15
300 642 2454
300 688 1093
300 702 9
300 703 8
300 724 67
300 752 4
300 826 53
300 840 88
320 124 598
320 222 44733
320 340 313
320 558 117
320 840 8956
328 52 18
340 222 52269
348 40 1324
348 203 215
348 276 585
348 642 1931
348 703 2342
348 804 2
356 4 474
356 48 13
356 50 33386
356 204 5
356 854 124
356 458 1
356 462 1561
356 516 1
356 524 18965
356 512 1514
356 634 7775
356 682 68
356 702 17
356 784 15686
360 392 20
360 702 188
372 276 10
372 528 111
372 826 608
376 344 511
376 528 10
376 643 115
376 705 32
376 792 21
380 8 1133
380 40 10624
380 48 1
380 56 199
380 70 39
380 100 47
380 344 5
380 191 2552
380 196 3
380 203 2179
380 208 1445
380 233 11
380 246 1
380 250 5310
380 276 12713
380 300 1001
380 348 655
380 352 4
380 372 101
380 428 149
380 440 705
380 442 78
380 470 956
380 499 18
380 528 676
380 578 10
380 616 2063
380 498 19
380 642 2094
380 688 213
380 702 8
380 703 905
380 705 3461
380 724 569
380 752 262
380 756 5603
380 784 45
380 826 3941
392 344 19
392 702 6
392 764 1
400 48 28504
400 368 4907
400 376 11
400 414 57096
400 422 96
400 512 22097
400 634 8
400 682 84280
400 792 1115
400 784 41637
400 887 5
398 643 19776
398 860 3
404 528 1
404 706 35
404 728 1
404 729 9
417 398 460
417 496 1
417 643 789
417 784 1
428 112 28
428 233 3668
428 440 1208
428 528 1
428 826 2
422 112 20
422 384 7
422 250 1
422 634 96
422 682 261
422 784 141
440 112 7073
440 233 134
440 276 5
440 398 4
440 428 1620
440 528 54
440 616 74
440 643 964
440 724 120
440 826 10
442 31 3
442 56 100
442 250 347
442 276 187
442 288 3
442 562 1
442 566 2
450 174 23
450 250 2
458 48 128
458 96 1563
458 344 148
458 462 32
458 512 138
458 634 11
458 682 5
458 702 35500
458 764 511
458 784 5800
466 384 658
484 124 4005
484 392 723
484 784 4
484 840 1853024
499 70 2
504 48 40
504 112 19
504 56 1134
504 76 25
504 854 52
504 124 42
504 384 8
504 208 4
504 250 346941
504 276 2124
504 324 1
504 624 2
504 348 1
504 380 1835
504 400 1
504 414 104
504 430 5
504 440 203
504 466 354
504 478 15610
504 528 38329
504 562 70
504 512 29
504 616 36
504 620 2641
504 634 689
504 642 19
504 643 52195
504 682 3414
504 686 6145
504 694 1
504 705 128
504 724 49401
504 752 1709
504 756 1676
504 804 18
504 784 263
504 826 62551
516 710 1814
528 28 7
528 40 10073
528 31 1
528 44 1
528 48 118
528 52 7
528 112 9272
528 56 35115
528 70 151
528 76 2
528 100 611
528 124 28
528 344 1065
528 191 5639
528 196 372
528 203 25717
528 180 2
528 208 21562
528 818 19
528 226 2
528 233 5835
528 234 16
528 246 15572
528 250 38801
528 268 2
528 276 436097
528 288 26
528 300 1376
528 348 974
528 352 1368
528 356 67
528 368 32
528 372 14589
528 380 53632
528 392 683
528 400 130
528 398 34
528 414 839
528 428 7098
528 422 120
528 430 1
528 440 8618
528 442 294
528 462 22
528 470 1200
528 499 4
528 566 45
528 578 17833
528 512 297
528 616 56937
528 620 3254
528 634 1233
528 410 6
528 498 843
528 642 9212
528 643 4142
528 662 1
528 682 1065
528 688 573
528 690 6
528 702 898
528 703 3284
528 705 2196
528 724 31844
528 144 1
528 752 59426
528 756 4124
528 764 4
528 804 493
528 784 2942
528 826 187870
528 840 7
528 894 1
554 36 950
554 124 225
554 344 88
554 158 16
554 184 16
554 242 143
554 258 113
554 392 1323
554 296 1
554 540 232
554 570 1
554 882 37
554 764 24
554 776 51
554 840 79
554 548 12
558 222 1399
562 384 38
566 710 1
566 784 1
807 112 40
807 70 2328
807 100 2236
807 191 711
807 203 34
807 276 19
807 300 413
807 499 743
807 578 2
807 616 178
807 642 52
807 643 3050
807 688 7466
807 705 213
807 752 21
807 756 4
807 804 40
578 528 4
578 752 1
512 174 12
512 634 151
512 682 164
512 784 16162
586 4 19461
586 784 1
586 860 82
604 152 1944
616 40 969
616 112 10422
616 56 92
616 100 1941
616 191 292
616 203 5466
616 208 236
616 233 497
616 246 576
616 250 6828
616 276 11557
616 300 1348
616 348 371
616 372 285
616 380 3575
616 428 1455
616 440 2208
616 442 1
616 528 2352
616 578 430
616 620 7
616 498 4
616 642 844
616 682 15
616 688 50
616 703 403
616 705 61
616 724 3893
616 752 1417
616 804 5897
616 826 9057
620 24 11
620 40 22
620 56 354
620 132 146
620 196 4
620 203 23
620 233 1
620 250 3377
620 276 87
620 348 47
620 380 70
620 442 108
620 528 4247
620 616 1070
620 724 80251
620 756 19
620 826 9
410 344 19
410 158 139
410 360 1
410 392 5047
410 296 1
410 458 1
410 643 25
410 702 3
642 100 229
642 203 2
642 250 10
642 276 1
642 348 3
642 372 3
642 380 9
642 428 18
642 528 4
642 616 340
642 498 808
642 682 21
642 703 4
642 724 132
642 784 1
642 826 18
643 112 1100
643 356 1
643 398 30
643 496 47
643 498 60
643 804 16300
686 250 1299
686 276 789
686 528 4786
686 724 809
686 826 650
688 112 18
688 70 1528
688 100 55
688 191 793
688 250 67
688 300 1733
688 499 3936
688 642 170
688 643 133
688 703 19
688 705 278
688 724 11
702 96 48
702 116 1
702 360 20
702 458 19
702 608 1
702 410 1
703 40 10
703 100 157
703 203 2854
703 276 19
703 348 2089
703 380 275
703 440 13
703 470 2
703 724 37
705 40 644
705 70 814
705 191 1074
705 276 299
705 348 70
705 380 205
705 470 2
705 499 234
705 528 22
705 498 25
705 642 1
705 688 1163
705 703 78
705 724 45
705 804 1
705 826 4
710 24 85
710 72 4055
710 384 5
710 180 30
710 748 1565
710 231 10
710 426 3839
710 454 59
710 508 11911
710 516 1328
710 566 9
710 634 1
710 784 2
710 834 5
710 840 1
710 894 7
710 716 9
724 40 8702
724 112 524
724 56 9756
724 70 38
724 100 2985
724 132 299
724 344 5
724 191 1785
724 196 115
724 203 16702
724 208 12484
724 226 5
724 233 1769
724 246 7341
724 250 114802
724 266 3
724 276 181717
724 300 1219
724 348 8040
724 372 8172
724 380 43187
724 428 6668
724 440 6591
724 442 151
724 470 64
724 504 1
724 528 85624
724 578 4140
724 616 66303
724 620 25599
724 634 1
724 498 280
724 642 18387
724 682 39
724 688 503
724 702 2
724 703 7106
724 705 1655
724 752 18567
724 756 8363
724 804 89
724 784 29
724 826 103836
724 840 91
752 208 336
752 246 5
752 276 50
752 440 1
752 528 33
752 578 30
756 40 76
756 56 4
756 250 5
756 528 4
756 643 57
756 724 4
760 643 121
760 682 61151
760 784 6954
764 116 1
764 344 3
764 418 764
764 458 2
764 104 309
764 702 169
780 670 1
788 48 12
788 208 5
788 250 1156
788 276 4398
788 368 1
788 380 896
788 400 4
788 414 72
788 434 1825
788 528 10141
788 512 7
788 634 126
788 643 496
788 682 164
788 784 397
788 826 17
792 8 897
792 40 1760
792 31 26
792 48 71
792 112 8141
792 56 33
792 70 8816
792 100 32257
792 344 1
792 191 1653
792 196 1433
792 203 163
792 208 11
792 233 41
792 250 118
792 268 16853
792 276 6858
792 300 2126
792 324 16
792 348 2104
792 364 202
792 368 72190
792 376 38984
792 380 48
792 398 128
792 414 318
792 428 542
792 440 94
792 462 59
792 499 603
792 528 5273
792 807 2197
792 578 6
792 512 721
792 616 7399
792 634 6682
792 498 10284
792 642 38783
792 643 96800
792 682 33859
792 688 2542
792 690 640
792 703 44
792 705 94
792 724 40
792 752 71
792 756 92
792 760 55402
792 804 63449
792 784 10229
792 826 89
784 4 492
784 48 505
784 50 5
784 156 2
784 262 2
784 818 2
784 231 4
784 250 5
784 356 73
784 364 10
784 380 2
784 400 160
784 404 1
784 414 104
784 422 2
784 458 113
784 462 5
784 104 1
784 512 494
784 586 8
784 608 5
784 682 419
784 840 4
826 56 34
826 100 7
826 203 40
826 250 16
826 300 172
826 372 2160
826 528 380
826 512 24
826 616 61
826 620 165
826 724 223
826 784 1078
834 174 7
834 454 9
834 578 1
834 646 188
834 756 1
840 28 9
840 32 21
840 44 340
840 52 28
840 76 2
840 124 192039
840 344 21
840 158 31
840 170 26
840 188 29
840 214 25
840 218 4
840 222 1
840 258 4
840 372 28
840 376 13
840 388 2
840 392 437
840 440 7
840 484 1890
840 528 1
840 558 1
840 608 2
840 410 961
840 662 4
840 780 382
840 826 2
840 862 3
716 508 157
