8 70 124
8 807 11
8 498 5
12 250 220
12 478 188
12 724 444
12 784 362
32 76 20448
32 152 764
32 600 39875
36 48 46
36 96 210
36 344 2344
36 158 1670
36 242 145
36 258 16
36 360 1893
36 414 13
36 458 2730
36 462 1
36 480 980
36 520 26
36 512 9
36 598 89
36 608 5002
36 634 1442
36 410 17013
36 682 94
36 690 5
36 702 2255
36 90 37
36 144 52
36 764 3680
36 626 108
36 798 22
36 784 9393
36 840 47
36 548 6
36 704 684
40 51 21
40 70 391
40 100 154
40 191 71
40 203 8066
40 818 21
40 250 249
40 276 5100
40 300 1357
40 348 1385
40 380 1487
40 528 2401
40 807 22
40 616 600
40 642 8148
40 703 12114
40 705 2130
40 724 46
40 756 718
40 784 7
40 826 88
31 112 120
31 268 2822
31 368 23
31 398 59
31 498 199
31 643 55844
31 795 62
31 804 2656
44 174 27
112 8 65
112 51 66
112 31 407
112 70 401
112 100 22
112 250 20
112 268 485
112 368 20
112 398 562
112 499 182
112 807 2585
112 498 42455
112 642 22
112 643 87816
112 688 11429
112 760 285
112 792 1341
112 804 212394
56 24 176
56 51 35
56 48 104
56 204 353
56 70 821
56 100 448
56 854 323
56 120 14
56 384 1109
56 191 10
56 196 600
56 203 106
56 180 15
56 208 735
56 214 125
56 818 3362
56 250 205755
56 268 50
56 276 41530
56 300 713
56 324 15
56 340 55
56 348 275
56 352 1
56 368 22
56 372 84
56 376 757
56 380 2808
56 400 47
56 414 200
56 422 3068
56 430 28
56 434 2742
56 440 15
56 442 4883
56 454 58
56 466 465
56 470 51
56 478 754
56 499 144
56 504 798
56 528 672069
56 562 58
56 578 71
56 616 10129
56 620 2383
56 642 18985
56 682 3008
56 686 3038
56 688 85
56 690 56
56 694 33
56 703 3
56 705 177
56 706 29
56 724 6628
56 740 29
56 752 169
56 756 354
56 768 278
56 788 403
56 792 661
56 784 403
56 826 5916
56 840 25
56 858 26
70 191 1484
70 499 967
70 578 506
70 688 313
72 516 3
76 24 1
76 28 2
76 32 2080
76 44 14
76 48 6
76 52 2
76 84 1
76 152 1
76 344 24
76 156 4
76 196 14
76 208 4
76 276 5
76 300 26
76 356 5
76 380 4
76 392 4
76 422 2
76 430 64
76 470 32
76 584 52
76 528 2
76 578 5
76 591 36
76 608 1
76 620 5
76 410 1
76 702 18
76 792 2
76 798 1
76 826 8
76 858 50
100 196 2
100 203 3
100 300 3531
100 642 234
100 804 20
854 562 20
854 768 25
120 178 9
124 188 1238
124 192 3
124 212 54
124 214 2322
124 250 8
124 320 4032
124 328 27
124 360 1538
124 388 670
124 558 26
124 591 191
124 608 135
124 620 81
124 659 27
124 662 1578
124 686 1
124 764 9543
124 780 7524
124 792 454
124 840 412286
124 858 750
124 704 115
152 32 28
152 76 1534
152 320 100
344 446 11
156 48 654
156 204 588
156 96 2993
156 116 6
156 344 137210
156 446 4003
156 178 405
156 384 145
156 408 100
156 818 22
156 266 5
156 328 57
156 360 78
156 364 50
156 392 20
156 414 348
156 418 111
156 430 58
156 458 128389
156 462 35
156 496 37
156 558 55
156 512 261
156 586 2
156 598 36
156 608 2104
156 634 344
156 410 536
156 643 39055
156 682 230
156 686 143
156 690 23
156 702 20153
156 724 20
156 144 19528
156 764 30322
156 626 1083
156 768 145
156 792 1
156 784 859
156 704 113154
158 344 2
158 702 1
170 591 24
170 840 1
384 430 3
384 466 173
384 562 122
191 8 233
191 40 2151
191 70 818
191 100 1066
191 203 22
191 276 24
191 348 2361
191 380 1
191 499 652
191 807 373
191 616 402
191 642 707
191 688 1007
191 703 93
191 705 1430
191 826 44
192 388 5
196 40 204
196 48 120
196 56 3843
196 191 1490
196 250 142
196 276 11264
196 300 27599
196 372 1017
196 380 2394
196 528 698
196 578 360
196 616 6058
196 634 101
196 705 460
196 724 878
196 752 551
196 756 119
196 784 392
196 826 15946
203 51 12
203 40 4257
203 100 23
203 250 3
203 276 575
203 300 1
203 348 700
203 528 13
203 616 924
203 703 15117
203 804 20
180 646 120
208 8 45
208 12 4938
208 24 3
208 51 75
208 56 675
208 70 449
208 100 67
208 196 925
208 203 1466
208 818 16467
208 234 1181
208 246 453
208 250 229
208 276 11394
208 300 1248
208 348 71
208 352 1475
208 368 138
208 380 29090
208 400 1323
208 422 3296
208 434 1223
208 440 654
208 470 25
208 499 71
208 504 3952
208 528 10651
208 578 12944
208 616 1929
208 620 1934
208 642 72
208 682 892
208 724 3295
208 752 48077
208 760 1540
208 792 138
208 784 255
208 826 1517
218 840 323
818 8 311
818 48 1310
818 112 283
818 56 17961
818 204 28
818 70 1165
818 100 50
818 854 87
818 191 5928
818 196 1408
818 262 26
818 250 100
818 276 37132
818 288 486
818 300 120948
818 348 48
818 360 3403
818 368 20790
818 380 64395
818 400 1020
818 414 10323
818 428 28
818 422 72736
818 430 29
818 434 300
818 440 224
818 470 27
818 528 8350
818 562 87
818 512 5896
818 616 986
818 498 55
818 642 1249
818 643 132443
818 682 1761
818 688 21
818 690 112
818 705 33462
818 724 2215
818 752 4457
818 760 29985
818 788 3396
818 792 61282
818 804 4018
818 784 28528
818 826 5890
233 203 2030
233 246 821
233 276 1460
233 428 1607
233 440 430
233 578 25
233 616 419
233 752 24
233 804 210
242 798 8
246 112 80
246 208 13
246 233 3034
246 276 345
246 348 650
246 380 429
246 398 42
246 428 2502
246 440 1924
246 528 1101
246 578 727
246 616 2598
246 643 1292
246 752 5032
246 826 10
250 8 573
250 12 8995
250 24 101
250 51 53
250 40 5939
250 31 5
250 48 1313
250 112 191
250 56 550708
250 204 263
250 70 48
250 76 50
250 100 19966
250 854 418
250 120 1
250 124 13
250 344 126
250 174 153
250 178 33
250 384 591
250 191 566
250 196 1903
250 203 33651
250 180 21
250 208 4785
250 262 2
250 818 25602
250 226 12
250 233 51
250 246 211
250 258 24
250 266 207
250 268 51
250 276 125802
250 300 34079
250 324 977
250 340 50
250 348 32869
250 352 463
250 368 5671
250 372 4980
250 376 50
250 380 336887
250 392 60
250 400 6811
250 414 1657
250 428 160
250 422 4699
250 430 3
250 434 2903
250 440 42
250 442 6123
250 450 5
250 466 5893
250 470 141
250 480 682
250 499 2257
250 504 2779
250 528 126305
250 540 199
250 562 904
250 807 67
250 578 4
250 512 347
250 586 11
250 275 858
250 608 442
250 616 20522
250 620 158715
250 634 1380
250 498 66
250 642 42818
250 682 8374
250 686 6963
250 688 4851
250 690 225
250 702 34
250 703 31961
250 705 7182
250 724 616841
250 144 275
250 729 104
250 752 2622
250 756 9608
250 760 341
250 768 291
250 788 14313
250 792 2256
250 804 200
250 784 3831
250 826 27228
250 858 441
250 704 45
268 31 3212
268 112 19
268 368 40
268 498 60
268 643 57
268 795 320
268 804 227
276 8 1248
276 24 104
276 51 120
276 40 100277
276 31 439
276 48 778
276 50 3
276 112 567
276 56 414287
276 70 1314
276 76 5
276 100 7710
276 116 25
276 344 2117
276 191 3836
276 196 1062
276 203 107788
276 208 71133
276 214 600
276 818 3759
276 233 238
276 246 679
276 250 7173
276 268 312
276 300 8786
276 348 6493
276 352 150
276 360 13310
276 364 41
276 368 15149
276 376 125
276 380 117712
276 398 572
276 414 8095
276 417 5
276 428 811
276 422 225
276 440 947
276 442 593
276 458 7533
276 462 8
276 466 13
276 496 15
276 499 912
276 528 723248
276 558 50
276 578 24
276 512 12938
276 586 50
276 591 224
276 608 7193
276 616 96539
276 620 4559
276 634 1207
276 498 397
276 642 31904
276 643 3311
276 682 17575
276 688 1935
276 703 9213
276 705 4705
276 724 2807
276 752 3072
276 756 2084
276 760 50
276 762 20
276 764 20749
276 792 2134
276 804 1060
276 784 8971
276 826 5665
276 840 19
276 858 2
276 860 3
276 704 5607
276 894 375
288 250 2
300 8 4717
300 40 122
300 44 1
300 70 363
300 100 5526
300 191 59
300 196 733
300 203 1173
300 250 409
300 276 2840
300 348 99
300 380 69
300 428 65
300 440 25
300 584 1
300 499 125
300 807 1047
300 591 2
300 616 12097
300 642 15394
300 688 932
300 703 1160
300 705 22
300 724 105
300 804 168
300 784 2
300 826 7
320 222 76087
340 222 150
348 40 938
348 70 857
348 191 533
348 203 3016
348 276 219
348 616 254
348 642 2776
348 688 36
348 703 402
348 804 6
348 826 2
356 4 20
356 36 1
356 48 1012
356 50 40
356 64 6
356 124 3
356 344 1485
356 174 144
356 818 4
356 360 20538
356 392 37
356 404 60
356 414 7230
356 458 11045
356 462 5568
356 480 6854
356 496 13
356 104 269
356 516 18
356 524 304356
356 512 24889
356 634 893
356 410 23
356 643 5
356 682 11344
356 690 1464
356 702 71
356 706 56
356 144 10074
356 792 5561
356 784 4189
356 704 129
360 24 1
360 156 185
360 158 188
360 320 23
360 458 361
360 528 46
360 702 2683
360 826 40
372 352 4
372 504 25
372 784 5
372 826 5293
372 840 33
376 56 11585
376 208 932
376 246 327
376 250 10799
376 276 4092
376 372 1182
376 380 1893
376 440 33
376 528 31308
376 578 9755
376 498 356
376 643 2187
376 705 4409
376 724 6529
376 752 105
376 756 7933
376 804 262
376 826 53192
380 8 25
380 40 3556
380 48 15
380 56 3323
380 100 35
380 344 37
380 191 4249
380 196 11
380 203 3209
380 208 3750
380 818 68
380 233 309
380 246 433
380 250 13878
380 276 43489
380 300 1014
380 348 31
380 372 620
380 400 23
380 414 40
380 428 1128
380 434 90
380 440 1177
380 442 1118
380 470 692
380 480 141
380 499 27
380 528 4697
380 512 9
380 616 4935
380 620 106
380 634 18
380 642 2232
380 682 80
380 688 858
380 703 1346
380 705 2345
380 724 1199
380 752 3706
380 756 3592
380 788 375
380 804 374
380 784 54
380 826 1087
392 446 3
392 702 19
400 48 163
400 368 62
400 414 62
400 528 313
400 512 6
400 586 59
400 682 30
400 784 19
398 112 20
398 268 141
398 368 22
398 498 63
398 643 4178
398 762 179
398 792 147
398 795 5941
398 804 7432
398 860 245839
404 646 82
404 706 529
404 728 2
404 800 2893
404 826 1
417 112 20
417 268 374
417 398 16606
417 496 7
417 643 841
417 760 374
417 762 11
417 792 683
417 795 748
417 804 370
417 860 1183
428 203 973
428 233 2655
428 440 4165
428 616 7693
428 804 63
428 826 53
440 100 134
440 208 208
440 233 145
440 246 52
440 276 186
440 348 1342
440 372 14
440 380 1849
440 428 8688
440 616 3538
440 498 917
440 642 1049
440 643 6
440 682 1008
440 703 47
440 752 142
440 804 510
440 826 1110
440 860 8
442 51 23
442 56 6869
442 70 25
442 250 914
442 276 334
442 499 44
442 528 362
442 562 2
442 620 2
442 688 64
442 724 108
450 116 12
450 174 85
450 250 2
454 710 48
454 894 2
458 96 2
458 116 12
458 344 12
458 158 2
458 360 275
458 462 5
458 608 7
458 702 1485
458 764 1532
458 626 3
458 704 22
466 854 156
466 384 2025
466 242 36
470 528 842
470 724 25
470 752 383
484 84 1650
499 70 180
499 688 34
504 48 24
504 56 600
504 204 403
504 854 2719
504 384 4539
504 250 5853
504 276 261
504 288 30
504 300 301
504 324 112
504 624 33
504 380 137
504 430 124
504 440 26
504 466 12607
504 478 24941
504 528 4536
504 562 2104
504 566 30
504 512 2
504 620 1692
504 634 279
504 643 995
504 686 4443
504 724 21765
504 768 259
504 784 661
504 826 99
516 24 433
516 276 172
524 860 402
528 8 2935
528 12 74986
528 24 599
528 28 458
528 51 1007
528 40 9797
528 31 192
528 44 176
528 48 53
528 50 3185
528 52 7663
528 112 521
528 56 896424
528 204 707
528 70 7317
528 72 476
528 76 3365
528 96 60
528 100 4467
528 854 5861
528 132 2996
528 120 110
528 124 7
528 140 83
528 344 303
528 158 1
528 178 775
528 384 35060
528 191 6989
528 192 21551
528 196 6486
528 203 21474
528 180 75
528 208 5283
528 212 222
528 214 1472
528 818 43129
528 226 1
528 233 750
528 231 66
528 234 65
528 246 1664
528 250 86541
528 258 13
528 266 216
528 270 4127
528 268 518
528 276 252631
528 288 1727
528 300 13021
528 308 1209
528 324 656
528 624 647
528 328 10288
528 340 1101
528 348 22703
528 352 533
528 364 915
528 368 21642
528 372 1688
528 376 32144
528 380 90969
528 388 4247
528 400 4023
528 398 112
528 404 276
528 414 1385
528 417 94
528 428 904
528 422 11666
528 430 1029
528 434 10425
528 440 2129
528 442 2808
528 458 3362
528 466 8107
528 470 3651
528 478 19915
528 480 467
528 496 29
528 499 1040
528 504 26342
528 508 50
528 104 81
528 558 1127
528 562 218
528 807 1054
528 578 9067
528 512 337
528 586 5614
528 275 83
528 608 314
528 616 54547
528 620 36070
528 634 255
528 498 775
528 642 31649
528 643 4127
528 659 447
528 662 22
528 670 178
528 678 55
528 682 19602
528 686 48266
528 688 7969
528 690 145
528 694 847
528 702 106
528 703 12471
528 705 3078
528 706 3
528 710 2
528 724 81881
528 144 3361
528 729 6020
528 740 9510
528 752 8756
528 756 2362
528 760 20610
528 764 710
528 768 1753
528 780 20251
528 788 10357
528 792 15223
528 800 2
528 804 2490
528 784 2603
528 826 32208
528 834 79
528 840 2
528 858 1019
528 860 2303
528 704 161
528 887 6185
528 894 373
528 716 474
554 36 3
554 344 23
554 184 311
554 242 22615
554 258 1283
554 296 81
554 458 18
554 584 2
554 520 20
554 540 157
554 570 5
554 882 1293
554 90 22
554 776 531
554 798 4
554 548 407
562 52 59
562 242 35
562 670 1
807 8 14
807 112 97
807 70 747
807 203 2
807 499 4
807 498 264
807 643 5
807 688 835
807 804 13
578 208 20
578 250 83
578 528 4
578 784 1
512 634 781
512 784 235
586 4 113667
586 8 143
586 31 227
586 48 15314
586 204 132
586 96 769
586 174 57
586 268 286
586 300 106
586 360 29
586 368 11187
586 400 187
586 398 13193
586 414 16328
586 422 749
586 440 29
586 458 44520
586 462 1038
586 566 5
586 512 41837
586 634 49452
586 410 44
586 642 998
586 643 35126
586 682 4316
586 690 417
586 702 9110
586 706 86
586 710 28
586 144 112968
586 729 384
586 762 117
586 626 1079
586 792 9105
586 795 322
586 804 692
586 784 136035
586 826 2
586 860 4420
586 887 20
598 702 1
604 76 24
604 152 15
604 380 3
604 724 3
604 784 2
604 840 10
608 840 28
616 40 196
616 112 159
616 56 123
616 100 661
616 191 12
616 203 391
616 208 2
616 818 468
616 233 373
616 250 16
616 276 2384
616 300 42
616 348 1623
616 372 536
616 380 212
616 428 1196
616 440 1644
616 470 15
616 528 509
616 578 1
616 620 317
616 498 1176
616 642 13159
616 643 40
616 688 66
616 703 492
616 705 3
616 724 44
616 752 11
616 792 180
616 804 975
616 826 1880
620 24 7
620 40 9
620 56 582
620 100 19
620 132 5351
620 446 1
620 203 832
620 208 129
620 226 2
620 233 5
620 250 12715
620 276 5133
620 300 874
620 624 149
620 348 68
620 380 1043
620 442 293
620 528 2932
620 616 971
620 642 23
620 678 255
620 686 21
620 688 822
620 724 36872
620 752 29
620 756 11
620 784 1
620 826 134
634 364 184
410 344 73
410 296 1
410 643 354
410 702 4
410 548 4
410 704 750
498 807 130
498 688 22
498 804 23
642 100 56
642 191 20
642 203 14
642 250 2
642 276 29
642 300 479
642 348 18
642 380 6
642 440 12
642 616 2438
642 498 2010
642 724 1
642 826 32
643 51 42
643 31 124878
643 112 4753
643 268 1239
643 368 1520
643 398 8363
643 496 323
643 807 309
643 616 40
643 498 20906
643 688 9000
643 762 60
643 795 308
643 804 159652
643 860 1675
646 108 18
646 800 858
686 384 406
686 250 1
686 270 30
688 8 681
688 70 3320
688 100 392
688 191 24
688 348 405
688 499 2629
688 807 162
688 616 64
688 498 135
688 642 3075
688 703 36
688 705 22
688 804 115
688 784 312
702 50 1
702 96 89
702 116 14
702 360 154
702 458 531
702 104 1
702 608 2
702 704 40
703 40 13
703 100 71
703 196 4
703 203 4199
703 250 83
703 276 6
703 348 7590
703 380 8
703 440 1
703 470 8
703 688 43
703 724 1
705 40 2350
705 56 172
705 70 1127
705 191 1793
705 203 1525
705 208 450
705 818 135
705 250 32
705 276 29757
705 348 159
705 380 1093
705 428 473
705 440 295
705 499 26
705 528 565
705 616 6736
705 642 246
705 688 2907
705 703 1023
705 724 873
705 752 129
705 804 356
705 826 430
710 24 4336
710 72 22928
710 178 329
710 180 295
710 748 12475
710 250 28
710 288 70
710 414 227
710 426 11182
710 454 742
710 480 27
710 508 83319
710 516 22149
710 682 52
710 690 28
710 768 82
710 800 12
710 784 528
710 834 12
710 840 3
710 894 4890
710 716 3277
724 8 25
724 12 1548
724 51 25
724 40 371
724 48 26
724 56 31239
724 70 427
724 100 233
724 132 24
724 140 98
724 344 4
724 384 26
724 191 1069
724 203 5899
724 208 4954
724 226 120
724 233 521
724 246 1830
724 250 38137
724 266 1
724 276 41241
724 300 269
724 348 220
724 372 2134
724 380 8853
724 414 52
724 428 586
724 440 1872
724 442 82
724 458 22
724 466 110
724 470 274
724 504 117
724 528 7602
724 578 608
724 616 12554
724 620 120055
724 634 40
724 642 484
724 682 88
724 686 157
724 703 432
724 705 495
724 752 411
724 756 678
724 804 20
724 784 7
724 826 17106
144 784 1
752 344 449
752 208 2026
752 233 4
752 246 1772
752 276 311
752 428 492
752 440 66
752 528 46
752 578 2407
752 724 201
752 756 95
752 826 10
756 40 5317
756 250 343
756 276 2371
756 348 143
756 380 41
756 442 23
756 528 1540
756 724 46
760 634 1568
760 682 702
760 792 952
760 784 7541
764 344 1
764 458 3
780 28 1
780 670 16
788 854 782
788 250 212
788 380 758
788 434 708
788 642 66
788 784 78
792 31 1691
792 48 27
792 56 3
792 204 29
792 70 42
792 100 1082
792 196 245
792 818 1000
792 250 3
792 268 3424
792 276 40
792 364 124
792 368 94399
792 414 164
792 417 242
792 434 432
792 528 250
792 512 638
792 586 205
792 634 1148
792 498 41
792 682 994
792 710 25
792 760 55630
792 788 14860
792 795 184
792 804 572
792 784 7511
804 31 182
804 112 1814
804 268 5
804 528 20
804 498 2585
804 792 948
784 4 135
784 48 3160
784 76 2
784 262 29
784 818 69
784 356 171
784 364 20
784 368 232
784 400 1
784 414 11227
784 422 29
784 434 4
784 512 1243
784 586 93
784 608 1
784 616 1
784 682 2531
784 706 56
784 764 3
784 887 1
826 51 25
826 40 1341
826 48 1
826 56 33453
826 70 135
826 76 150
826 344 16
826 191 167
826 196 194
826 203 6118
826 208 3466
826 818 50078
826 234 263
826 246 931
826 250 4821
826 276 6154
826 288 2
826 300 631
826 348 993
826 352 902
826 360 1779
826 368 725
826 372 64643
826 376 398
826 380 843
826 400 600
826 428 1
826 422 75
826 434 150
826 440 25
826 470 202
826 504 10480
826 528 16530
826 566 100
826 807 22
826 578 2336
826 616 36228
826 620 2287
826 634 1
826 642 1111
826 662 1
826 682 2925
826 688 68
826 703 747
826 705 424
826 724 62575
826 729 25
826 752 2601
826 756 28
826 764 5415
826 780 365
826 792 1885
826 784 402
826 858 50
826 704 50
834 174 48
834 454 642
834 646 31
840 28 297
840 36 128
840 44 2321
840 48 69
840 52 297
840 76 83
840 124 278009
840 152 290
840 344 4293
840 156 221
840 158 32172
840 188 2198
840 212 149
840 214 8609
840 218 20
840 222 593
840 250 40
840 258 757
840 276 14
840 288 57
840 308 130
840 320 3892
840 328 15
840 340 8604
840 352 47
840 360 48
840 388 15
840 392 32241
840 414 361
840 428 19
840 458 13733
840 484 103973
840 504 253
840 104 70
840 528 21
840 558 781
840 512 23
840 591 1397
840 608 20150
840 634 52
840 410 14229
840 659 6
840 662 341
840 670 142
840 882 7
840 682 139
840 686 28
840 702 5067
840 710 44
840 764 7447
840 780 804
840 784 633
840 826 12
840 858 134
840 704 1527
716 508 2407
716 894 334
