32 858 2
40 250 4
40 276 1271
40 528 45
40 616 13
40 703 3
40 752 15
40 756 1
56 40 15
56 124 156
56 203 1
56 250 167
56 276 363
56 380 2
56 442 108
56 528 148
56 616 1
56 620 1
56 643 71
56 724 1
56 756 25
56 826 53
56 840 30
84 840 9
76 32 1706
76 858 72
120 250 3
124 840 38
152 32 179
152 76 3
152 826 1
152 858 2
156 124 6
156 344 27446
156 392 283
156 458 2
156 643 27
158 344 1
188 340 6
188 558 1
384 250 32
384 826 1
384 840 2
191 70 7
191 688 34
191 705 14
196 376 2
196 826 36
203 703 2
208 372 1
208 752 5
208 826 2
212 28 37
212 659 2
212 840 6
818 414 2
818 826 1
233 470 1
233 591 2
233 643 1
233 752 1
748 710 2
246 233 2
250 40 59
250 56 676
250 203 2
250 208 2
250 276 1063
250 300 22
250 348 8
250 372 9
250 380 1279
250 392 3
250 428 1
250 442 51
250 528 45
250 578 2
250 616 5
250 620 1
250 642 1
250 643 16
250 694 4
250 705 15
250 706 2
250 724 552
250 752 15
250 756 176
250 826 578
250 840 11
276 40 91
276 56 1
276 208 17
276 250 91
276 300 32
276 380 219
276 528 34
276 616 16
276 620 27
276 724 1
276 752 2
288 56 7
288 124 8
288 208 1
288 250 3
288 276 62
288 380 2
288 528 15
288 578 1
288 724 2
288 756 2
288 768 78
288 826 610
288 840 60
300 8 121
300 100 14
300 196 2
300 276 15
300 807 10
300 642 7
300 688 1
320 188 1
320 222 32
320 340 284
320 558 3
320 840 42
328 124 21
328 840 2
340 840 993
348 40 2
348 191 4
348 203 1
348 233 13
348 428 3
348 440 21
348 705 1
348 804 1
356 392 2
356 414 6
360 392 832
360 458 3
364 4 25
364 31 579
364 48 1
364 368 813
364 398 6
364 512 56
364 634 1
364 642 13
364 643 1
364 752 9
364 792 5189
364 795 11
364 784 4695
376 40 72
376 250 2
376 276 25
376 380 8
376 528 68
376 643 1
376 756 1
376 826 2
380 8 1
380 36 103
380 40 127
380 56 174
380 70 35
380 124 1
380 191 89
380 203 14
380 208 8
380 250 1171
380 276 1947
380 300 100
380 348 2
380 392 1
380 428 5
380 440 4
380 442 2
380 528 98
380 554 3
380 616 1
380 705 72
380 724 37
380 752 46
380 756 324
380 826 124
380 840 9
400 48 1274
400 414 2602
400 422 8109
400 512 326
400 634 1801
400 760 34
400 784 1356
398 643 296
417 398 24
417 643 122
422 414 56
422 634 4
422 682 19
422 784 2
440 112 1
440 643 1
442 56 2
442 250 5
442 528 1
458 96 52
458 702 4236
484 124 1
484 840 55352
504 250 6
504 380 4
504 620 1
516 710 19
528 40 679
528 48 2
528 112 36
528 56 336
528 124 279
528 344 13
528 191 5
528 196 2
528 203 38
528 208 527
528 233 51
528 246 233
528 250 3714
528 276 12651
528 348 32
528 352 22
528 372 187
528 376 1
528 380 185
528 392 18
528 398 25
528 428 247
528 440 111
528 442 19
528 578 361
528 512 1
528 616 73
528 620 1
528 634 2
528 642 41
528 643 1261
528 682 7
528 694 4
528 702 1
528 703 17
528 705 6
528 724 43
528 752 1114
528 756 190
528 804 6
528 784 24
528 826 4280
528 840 1275
554 540 1
558 340 49
558 840 388
600 32 73
608 344 2
608 392 2
608 756 6
410 392 2010
498 112 91
498 233 3
498 276 1
498 428 12
498 643 1
643 233 1
643 428 3
703 203 6
705 203 6
710 24 1
710 508 4
724 40 619
724 112 3
724 56 1069
724 70 2
724 124 1
724 191 6
724 203 49
724 208 325
724 233 1
724 246 140
724 250 25138
724 276 9882
724 300 12
724 348 91
724 372 22
724 380 2818
724 428 11
724 440 4
724 442 2
724 478 1
724 528 6458
724 578 77
724 616 56
724 620 259
724 642 5
724 643 112
724 702 1
724 703 1
724 705 9
724 724 12
724 752 634
724 756 597
724 826 3832
764 36 9
776 554 6
780 124 95
780 840 169
792 8 12
792 40 691
792 56 58
792 70 2
792 100 2
792 191 20
792 196 25
792 408 15
792 208 60
792 250 19
792 276 1986
792 300 124
792 348 1
792 372 2
792 528 337
792 807 3
792 578 12
792 498 3
792 642 138
792 688 9
792 705 48
792 752 45
792 756 30
792 804 2
792 826 17
826 40 1
826 372 3
840 36 5
840 124 11437
840 158 7
840 422 14
840 484 41
840 756 25
840 826 5
