0 1 88
2 3 919
2 4 9530
2 5 129
2 6 58
2 7 2838
2 8 25771
9 9 18
9 10 161
9 11 3751
9 12 106
9 13 1325
9 14 33
9 15 2845
9 16 184
9 17 3612
9 18 72
9 19 3
9 20 146
9 21 96
9 22 9435
9 23 30
9 24 6406
9 25 195
9 26 2084
9 27 58
9 28 138
29 0 73
29 30 3350
29 31 25
29 32 5378
29 33 199
29 34 48
29 35 74
29 36 2589
29 37 3440
29 38 23
29 39 808
29 40 3290
29 41 1523
29 42 5
29 43 160
29 44 211
29 1 318
29 45 2475
29 46 531
29 47 379
29 48 9039
49 0 18
49 50 5575
49 51 151
49 29 181
49 52 78
49 53 104
49 30 1803
49 54 80
49 55 7240
49 56 200
49 32 1305
49 33 382
49 34 18425
49 57 25
49 35 2296
49 58 700
49 59 154320
49 60 54
49 36 10503
49 61 56
49 37 4670
49 62 2
49 63 438
49 40 13728
49 64 153
49 65 1925
49 66 72
49 67 1256
49 68 114
49 69 6310
49 15 50
49 70 55
49 71 223
49 72 15
49 73 950
49 41 434284
49 74 13
49 42 13832
49 43 8947
49 75 17233
49 44 36
49 76 2979
49 77 1271
49 78 56
49 1 407
49 45 13348
49 46 3946
49 79 48649
49 80 3
49 47 1831
49 81 300
49 82 6621
49 83 345
49 28 104
49 48 88437
49 84 626
85 64 29
3 2 11
86 87 31
4 2 50
4 8 80
88 61 20
88 74 27
88 89 10
90 91 10
90 92 1
90 93 2
94 50 834
94 2 1575
94 52 2543
94 4 362
94 11 22
94 95 24
94 96 12758
94 57 24
94 6 4862
94 58 77
94 64 104
94 97 20
94 98 527
94 99 272
94 100 50
94 75 63
94 26 1200
94 101 6530
94 84 364946
94 8 6644
94 102 46112
5 2 1358
5 4 250
5 95 1
5 55 125
5 84 1
5 8 1618
5 102 156
11 103 19
11 95 2111
11 24 56
11 26 1
95 10 153
95 11 1242
95 104 52
95 105 1924
95 13 82
95 40 18
95 97 104
95 15 14764
95 106 7329
95 107 60
95 108 108
95 41 115
95 22 33
95 76 2310
95 24 6321
95 25 1332
95 28 52
95 109 6387
55 97 2
55 41 1
55 84 45
55 102 42361
110 9 5
110 55 5
110 59 6
110 111 18
110 99 223
110 100 9
110 84 16
56 70 535
32 30 64
32 1 110
32 46 35
96 96 83
33 29 1571
33 112 70
33 49 8098
33 32 550
33 35 536
33 36 25550
33 37 443
33 63 3268
33 40 470
33 41 2611
33 42 6641
33 80 1879
33 47 649
33 48 19550
34 30 20
34 31 140
34 32 330
34 39 20
34 43 166
34 44 40
34 1 30
34 45 2451
34 113 88
35 50 900
35 49 19
35 30 438
35 34 20
35 58 3933
35 114 75
35 115 2254
35 116 88
35 59 794
35 36 3446
35 37 630
35 117 160
35 63 177
35 40 2978
35 65 525
35 118 75
35 66 5
35 67 952
35 73 576
35 41 1509
35 42 8826
35 43 388
35 75 6415
35 44 380
35 76 60
35 77 450
35 1 24
35 45 72
35 46 107
35 79 3040
35 80 22819
35 47 25
35 82 1240
35 83 1
35 113 1462
35 48 621
119 55 18523
119 79 1
119 84 554
58 112 5
58 11 51
58 32 300
58 33 5
58 59 16
58 36 10169
58 37 1942
58 40 16654
58 65 20
58 118 4042
58 67 9076
58 73 82
58 41 515
58 120 3731
58 121 20
58 77 116
58 46 21
58 81 107
58 48 1559
122 123 6
122 111 49
122 99 30
122 84 2
114 124 1
114 125 1
114 85 1
114 33 10
114 116 1
114 36 2
114 37 1
114 66 733
114 126 13
114 68 7
114 71 16
114 127 1
114 41 1
114 42 2
114 100 5
114 128 19
114 76 162
114 129 3
114 80 1
130 131 58
130 87 9
132 133 3247
134 14 1
134 19 1
134 22 4
134 135 30
116 136 9
116 66 48
116 68 63
116 42 3475
116 76 1153
116 80 1749
116 83 50
116 113 170
59 50 12750
59 51 9
59 137 14
59 29 1448
59 49 107221
59 53 104
59 30 237
59 4 2
59 88 241
59 54 564
59 90 234
59 55 11540
59 91 97
59 56 5137
59 32 571
59 96 30
59 33 223
59 34 3981
59 35 5499
59 133 6
59 138 9
59 58 1815
59 92 9
59 114 58
59 116 76
59 59 119
59 93 218
59 36 39630
59 37 29931
59 62 95
59 39 91
59 117 102
59 13 2
59 63 2959
59 139 1609
59 40 209294
59 65 737
59 118 270
59 66 27
59 67 1755
59 68 5
59 69 2276
59 70 1038
59 72 56
59 106 15
59 73 6733
59 41 83364
59 140 46
59 42 1121
59 120 15
59 43 13252
59 75 107411
59 44 451
59 76 6853
59 77 1514
59 78 805
59 1 604
59 45 48
59 46 296
59 79 321540
59 25 24
59 80 577
59 47 8164
59 81 308
59 89 32
59 82 7696
59 83 120
59 28 12
59 48 104624
59 8 104
59 102 1496
60 48 175
141 142 38
141 76 950
36 0 20
36 50 1070
36 137 49
36 29 36000
36 136 37
36 49 20134
36 30 1754
36 4 26
36 31 2082
36 32 2023
36 33 570
36 34 6198
36 35 27467
36 6 783
36 58 402
36 114 97
36 116 107
36 59 6013
36 60 31
36 141 41
36 61 12
36 37 10859
36 39 8575
36 117 9
36 13 254
36 143 55
36 63 1923
36 139 274
36 40 93775
36 65 456
36 144 5
36 118 1254
36 145 48
36 66 89
36 68 884
36 69 5
36 15 720
36 73 50
36 41 1.05184e+06
36 140 957
36 42 181
36 120 527
36 146 25
36 100 275
36 21 534
36 43 22967
36 75 1579
36 128 1045
36 44 220
36 76 1629
36 1 1153
36 45 1224
36 46 929
36 87 1500
36 79 5203
36 25 275
36 80 12811
36 47 1283
36 82 2
36 83 941
36 113 3376
36 28 3197
36 48 14432
36 84 35
36 147 213
36 102 400
36 109 14
37 0 4657
37 29 178
37 125 61
37 31 5697
37 33 453
37 34 21
37 35 43
37 148 1
37 36 1198
37 40 57
37 126 3
37 71 105
37 140 341
37 42 70
37 100 158
37 43 3611
37 44 20
37 76 5
37 45 328
37 79 24
37 47 21
37 48 63
123 110 272
123 122 42631
123 111 12505
123 99 21200
123 84 38
111 122 12
111 84 8782
39 30 1515
39 31 43
39 32 199
39 34 23
39 114 5
39 59 89
39 36 60
39 66 1
39 68 17
39 71 2
39 43 2571
39 128 1065
39 44 501
39 1 854
39 45 12991
39 46 281
39 113 249
117 115 20
149 51 55
149 112 41
149 10 38
149 97 4
149 15 177
149 16 7
149 17 775
149 131 10
149 108 5462
149 120 103
149 146 20
149 77 37
149 24 74
149 25 16859
149 28 1555
149 84 143
13 104 42
13 97 192
13 67 6
13 15 19637
13 18 1
13 100 19
13 21 626
13 22 2
13 24 9773
13 80 8
143 142 17407
143 112 4
143 150 8665
143 144 21
143 118 804
143 121 155
143 76 6
143 151 905
143 28 5442
63 33 470
63 40 7
63 79 1172
63 48 169
139 29 1449
139 49 1453
139 35 39
139 59 17414
139 36 11480
139 63 25
139 40 408
139 41 3954
139 42 2969
139 76 584
139 80 9
139 47 3890
139 48 42129
40 0 8035
40 29 7099
40 49 14023
40 30 758
40 31 22
40 32 625
40 33 50
40 34 6917
40 35 3005
40 58 5
40 114 22
40 59 5947
40 36 152240
40 37 4737
40 39 467
40 63 7695
40 118 98
40 66 226
40 68 320
40 69 41
40 71 140
40 41 15109
40 42 412
40 120 283
40 43 7547
40 75 337
40 1 447
40 45 1411
40 46 1376
40 79 531
40 80 26
40 47 735
40 82 16
40 28 387
40 48 28230
97 11 56
97 104 7
97 105 81
97 22 147
97 24 1
65 50 15
65 112 900
65 118 2079
65 120 448
65 121 1242
65 77 22
65 28 2170
144 76 500
144 152 743
153 154 14
153 155 1
153 156 180
153 48 1
153 157 4
145 144 12157
145 76 220
145 147 16
66 33 2
66 114 3
66 42 1
66 100 2
66 128 91
66 76 1445
67 112 1752
67 65 7902
67 118 18006
67 120 6845
67 121 1792
67 77 19517
67 81 4
67 28 19077
68 142 41
68 66 1
68 128 29
68 76 7711
68 113 20
68 84 3
69 49 4736
69 30 271
69 33 100
69 59 155
69 36 106
69 41 124
69 140 158
69 1 628
69 46 288
158 159 1
15 10 2
15 13 77
15 41 29
15 21 73
15 24 597
15 26 19
71 41 6539
17 159 22
17 59 3
17 23 4
17 87 11
98 85 1478
98 4 1
98 55 1
98 84 7
98 102 380
73 49 1400
73 59 41171
73 36 4878
73 40 46
73 41 3655
73 42 5
73 75 901
73 76 1183
73 79 494
73 80 9
73 47 71
73 48 872
160 51 322
160 91 3
160 97 1
160 129 35
160 87 170
160 79 1
41 0 437
41 50 67388
41 51 1428
41 124 413
41 2 155
41 137 327
41 29 10707
41 142 268
41 125 69
41 112 325
41 161 120
41 52 6383
41 136 167
41 49 181559
41 85 170
41 53 137
41 30 5307
41 4 2432
41 10 289
41 31 3202
41 88 28
41 54 4708
41 11 628
41 55 1011
41 91 107
41 110 29
41 56 9037
41 32 7771
41 96 11896
41 33 5390
41 34 5573
41 57 50
41 35 6664
41 138 231
41 6 343
41 58 51224
41 92 11
41 114 193
41 115 207
41 116 1039
41 59 60290
41 93 258
41 60 6331
41 141 287
41 36 238400
41 61 569
41 37 13544
41 162 1062
41 62 80
41 163 180
41 164 7353
41 111 275
41 39 6152
41 117 564
41 149 155
41 150 525
41 63 688
41 139 9815
41 40 90888
41 64 10793
41 97 3
41 65 2729
41 144 162
41 118 491
41 145 55
41 66 285
41 67 9372
41 126 421
41 68 432
41 69 181
41 15 19582
41 70 113
41 71 974
41 72 12899
41 73 14629
41 140 2279
41 42 480
41 120 293
41 146 70
41 100 1602
41 21 25
41 43 64238
41 75 35847
41 22 1
41 128 547
41 44 2135
41 76 96102
41 165 185
41 166 174
41 129 603
41 167 3
41 77 2989
41 78 18394
41 1 5875
41 23 193
41 168 674
41 24 3976
41 45 6970
41 46 5730
41 79 55921
41 25 5807
41 155 426
41 169 7587
41 80 5252
41 47 16905
41 152 387
41 26 113
41 89 1847
41 101 22267
41 82 19474
41 83 7902
41 113 1493
41 28 1427
41 48 27873
41 84 101
41 8 952
41 147 5559
41 102 5259
19 4 15
19 10 353
19 11 502
19 170 232
19 134 19077
19 12 1524
19 15 13814
19 17 28
19 18 1214
19 171 6
19 120 192
19 146 39
19 21 27
19 172 875
19 23 1116
19 24 5810
19 173 20
19 27 173
19 135 13
19 48 80
19 174 197
140 0 65
140 31 102
140 32 1
140 44 19
140 76 19
140 1 1549
42 35 26
42 116 57
146 175 14020
146 11 201
146 95 26
146 15 595
146 16 65
146 107 26
146 120 207
146 121 43
146 77 25
146 24 184
146 25 70227
146 28 806
176 55 26
176 119 32
176 100 26
176 102 2765
43 125 147
43 136 1936
43 31 14705
43 128 19022
43 76 7395
75 51 389
75 49 388
75 54 896
75 56 16
75 35 10
75 119 14
75 59 1460
75 36 43
75 163 23
75 69 163
75 41 2247
75 167 88
75 79 1912
75 48 3655
121 112 14
121 143 12
22 95 27
22 76 16
128 76 12
44 31 80
44 177 1
44 141 1
44 111 1
44 39 110
44 71 16
44 128 16590
44 76 60
44 113 20
76 142 2878
76 141 124
76 36 12
76 144 10927
76 145 18
76 106 64
76 128 91
76 113 486
76 147 360
1 30 412
1 140 209
24 10 858
24 15 11887
24 107 2
24 25 16
24 26 2
45 31 5
46 31 10
87 51 8713
87 49 20
87 53 57
87 159 2
87 57 203
87 59 11
87 93 32
87 61 1
87 37 1
87 178 261
87 17 1986
87 131 7481
87 41 10
87 23 6
87 48 1
87 157 1
87 179 570
87 180 352
79 29 209
79 49 2906
79 30 199
79 54 50
79 32 215
79 34 2596
79 35 5758
79 92 6
79 114 65
79 116 505
79 59 26666
79 36 50010
79 62 36
79 39 94
79 63 657
79 40 123
79 66 101
79 68 62
79 72 68
79 73 25
79 41 13069
79 42 2163
79 43 5189
79 75 95149
79 76 100
79 46 502
79 79 2455
79 80 200
79 47 1678
79 48 23900
80 4 75
80 35 539
80 115 12
80 116 2119
80 66 33
80 68 104
80 42 1735
80 43 39
80 76 1
80 79 234
80 26 17
80 48 15
47 29 147
47 49 117
47 59 189
47 40 12
47 75 3
47 22 150
47 44 200
26 95 460
26 97 53
26 16 1
101 52 20
101 162 144
101 164 27
101 166 1
101 129 104
101 84 5
101 102 8
82 120 12
82 48 7
83 0 870
83 9 62
83 29 12
83 31 91
83 32 2989
83 33 146
83 34 501
83 36 138
83 37 123
83 39 20
83 143 5536
83 40 394
83 65 4405
83 118 24
83 71 3
83 140 33432
83 43 220
83 128 450
83 77 2442
83 1 1179
83 46 6007
83 113 556
48 50 3333
48 124 11
48 29 183
48 142 24
48 49 550
48 4 1
48 94 48
48 11 4
48 95 48
48 104 8
48 56 48
48 32 110
48 33 518
48 34 22
48 35 2753
48 58 14640
48 115 61
48 59 1726
48 36 3552
48 61 19
48 37 690
48 162 25
48 39 498
48 117 22
48 63 55137
48 139 2929
48 40 2896
48 68 628
48 71 239
48 17 14
48 98 34
48 73 20643
48 131 10
48 160 1
48 41 3967
48 181 52
48 42 3218
48 21 150
48 43 482
48 75 6028
48 165 30
48 166 6
48 77 347
48 24 73
48 45 48
48 46 749
48 87 1
48 79 46134
48 80 6369
48 47 38
48 81 306
48 26 3673
48 82 69
48 83 2129
48 113 40
48 84 1006
157 36 2700
157 153 2291
157 87 1
157 48 18
84 142 19
84 125 89
84 52 106
84 85 57
84 4 18
84 10 31
84 94 256422
84 5 7
84 11 2946
84 104 1596
84 55 4
84 110 844
84 6 268
84 122 416
84 59 186
84 36 235
84 123 109
84 13 68
84 139 60
84 64 916
84 97 136
84 15 1922
84 98 47520
84 41 172
84 100 346
84 21 133
84 22 140
84 76 39
84 166 23
84 77 410
84 24 4501
84 79 7
84 80 37
84 26 2063
84 101 120
84 48 1503
84 8 164
84 102 338
8 2 28
102 55 114
