4 1
364 4
398 0
586 1
762 8
795 4
860 8
8 14
100 8
807 7
792 4
32 2
68 2
76 2
152 2
320 3
600 2
858 2
862 17
51 4
368 4
643 8
36 6
48 13
50 16
96 18
344 18
158 17
242 5
360 6
296 6
458 18
462 16
480 16
520 6
540 5
554 5
598 6
608 17
634 13
410 17
682 13
702 18
764 18
626 6
784 13
704 18
40 8
56 8
70 7
191 7
203 10
818 12
250 14
276 8
300 11
348 14
380 14
428 12
528 8
616 8
642 8
703 10
705 12
756 12
788 14
826 12
31 4
112 8
268 4
52 17
662 17
498 8
804 8
12 8
24 20
204 8
854 8
384 8
192 17
196 11
180 20
208 15
226 14
324 8
372 12
376 12
422 13
440 8
442 14
466 8
470 8
504 8
578 15
620 14
686 8
688 7
690 16
724 14
752 15
760 4
887 8
64 16
356 16
524 16
499 7
72 20
516 20
710 20
716 20
120 9
178 20
266 9
124 17
44 17
188 17
214 17
308 8
328 8
340 17
388 8
484 17
496 18
558 17
591 17
659 8
670 8
780 8
840 17
446 18
156 18
408 18
392 17
414 13
418 18
562 18
512 13
144 1
768 8
170 17
288 8
233 12
234 15
246 8
352 12
400 4
218 17
231 19
262 19
706 19
729 8
798 5
174 14
624 8
430 8
434 8
450 14
508 20
417 0
584 11
222 3
270 8
28 8
404 21
646 21
800 21
834 21
454 20
894 20
84 17
478 8
132 8
212 8
332 8
566 8
678 14
694 8
740 8
184 5
258 5
570 5
882 5
90 5
776 5
548 5
104 18
604 2
108 21
116 18
