8 4
499 4
688 4
12 4
634 15
724 0
32 2
24 9
68 2
76 1
152 2
600 2
858 1
51 3
268 3
643 3
36 12
96 13
344 13
158 12
242 17
258 17
360 12
296 12
414 15
422 15
458 13
462 16
480 16
104 13
520 12
540 17
598 12
410 12
682 15
702 13
90 17
764 13
626 13
784 15
548 17
704 13
40 4
70 4
100 4
191 4
203 4
818 3
250 0
276 4
300 3
348 0
368 4
380 0
528 4
616 4
642 0
703 4
705 4
756 5
792 4
826 5
31 3
398 6
48 15
512 15
50 13
116 13
686 4
144 15
112 3
417 6
498 3
804 3
56 4
204 4
854 4
120 4
178 9
384 4
196 3
180 9
208 7
233 7
288 4
372 5
376 5
400 15
428 7
434 0
440 3
442 4
466 4
470 4
478 4
504 4
558 12
562 8
586 15
620 0
710 9
752 7
760 4
768 4
788 0
578 7
72 9
516 9
214 12
320 10
108 11
646 11
266 9
124 12
44 12
52 4
188 12
192 4
388 4
591 12
662 12
780 12
840 12
862 12
446 13
156 13
408 13
392 12
496 13
608 12
762 3
170 12
807 4
234 7
246 7
352 7
218 12
729 4
887 4
222 10
748 9
508 9
231 14
262 14
706 14
798 17
4 15
132 0
174 0
226 0
324 0
340 12
364 4
566 8
690 16
860 4
356 16
834 18
894 9
554 17
524 16
795 3
404 18
450 0
454 9
484 12
84 12
28 12
140 0
212 4
270 4
308 4
624 4
328 4
332 4
430 4
659 4
670 12
678 0
694 4
740 4
800 11
184 17
570 17
882 17
776 17
604 12
426 9
716 9
418 13
584 3
728 11
