32 2
858 2
40 1
250 0
276 1
528 1
616 1
703 1
752 1
756 0
56 0
124 11
203 0
380 0
442 0
620 0
643 1
724 0
826 1
840 11
84 11
76 2
120 0
152 2
156 3
344 3
392 12
458 10
158 11
188 11
340 11
558 11
384 0
191 0
70 0
688 0
705 0
196 1
376 1
208 1
372 1
212 4
28 4
659 4
818 8
414 8
233 1
470 1
591 1
748 5
710 5
246 1
300 6
348 0
428 1
578 1
642 7
694 1
706 0
288 1
768 1
8 6
100 6
807 6
320 11
222 11
328 11
440 1
804 1
356 8
360 12
364 7
4 7
31 7
48 8
368 7
398 1
512 8
634 8
792 7
795 7
784 7
36 0
554 13
400 8
422 8
760 8
417 1
682 8
112 9
96 10
702 10
484 11
504 0
516 5
352 1
540 13
600 2
608 0
410 12
498 9
24 5
508 5
478 0
764 0
776 13
780 11
408 7
