8 10
70 8
807 8
498 8
12 6
250 0
478 12
724 0
784 1
32 2
76 2
152 2
600 2
36 4
48 1
96 13
344 13
158 5
242 3
258 3
360 14
414 1
458 13
462 14
480 14
520 4
512 1
598 4
608 5
634 1
410 4
682 6
690 14
702 13
90 4
144 1
764 13
626 13
798 4
840 5
548 3
704 13
40 6
51 6
100 0
191 10
203 6
818 10
276 6
300 10
348 0
380 0
528 6
616 6
642 6
703 0
705 10
756 0
826 7
31 10
112 8
268 10
368 9
398 16
643 10
795 16
804 8
44 5
174 14
499 8
688 8
760 9
792 9
56 6
24 19
204 13
854 12
120 6
384 6
196 10
180 19
208 11
214 5
324 0
340 5
352 11
372 7
376 7
400 0
422 10
430 6
434 6
440 15
442 6
454 19
466 12
470 6
504 12
562 12
578 11
620 0
686 6
694 6
706 18
740 6
752 11
768 6
788 9
858 5
72 19
516 19
28 5
52 6
84 5
156 13
356 14
392 5
584 2
591 5
178 13
124 5
188 5
192 6
212 5
320 17
328 6
388 6
558 5
659 6
662 5
780 6
446 13
116 13
408 13
266 0
364 6
418 13
496 10
586 1
170 5
646 18
234 11
246 15
218 5
262 1
288 6
428 15
233 15
226 0
450 14
540 3
275 0
729 6
50 6
417 16
762 16
860 16
894 19
222 17
4 1
64 14
404 18
104 14
524 14
728 18
800 18
710 19
484 5
624 6
566 7
132 0
140 0
231 6
270 6
308 6
508 19
670 5
678 0
834 19
887 6
716 19
554 3
184 3
296 3
570 3
882 3
776 3
604 2
108 18
748 19
426 19
