8 9
40 4
70 5
100 9
191 3
208 4
300 9
807 3
642 13
688 5
12 0
124 10
250 0
784 14
51 1
643 1
36 13
344 7
458 2
520 13
702 2
56 4
203 0
276 4
348 0
380 0
528 4
616 1
703 0
705 5
724 0
752 4
756 0
31 1
268 9
634 17
804 1
50 1
112 1
196 0
440 1
442 4
826 4
76 6
32 6
44 4
48 15
156 7
356 11
392 8
430 6
470 0
584 6
578 4
591 6
608 6
620 0
792 9
840 10
854 0
116 0
120 4
446 7
408 7
398 1
417 1
462 11
496 1
704 7
158 2
188 10
558 10
384 10
234 4
212 12
28 12
818 13
152 13
368 9
400 15
404 4
414 15
434 13
480 13
512 14
682 15
690 13
788 13
800 4
233 0
246 4
428 0
748 19
710 19
242 16
554 16
372 4
498 9
288 10
499 5
320 10
222 10
340 10
328 10
360 8
376 1
706 4
422 17
450 0
96 2
484 10
504 18
478 18
352 4
144 14
132 0
410 8
646 4
686 0
72 19
426 19
454 19
508 19
516 19
566 19
894 19
764 2
104 2
780 20
52 20
760 9
4 14
262 14
364 14
834 1
170 10
