8 12
100 12
300 1
499 3
642 1
32 0
858 0
36 9
540 9
40 2
56 2
208 2
250 1
276 2
348 1
380 1
528 2
616 2
703 2
705 3
752 2
756 1
31 13
268 12
643 6
804 2
52 10
662 5
112 2
124 5
203 2
246 2
400 4
442 2
634 4
724 1
826 2
840 5
70 3
191 3
76 0
600 0
428 6
440 6
854 1
108 2
120 2
152 2
156 7
344 7
446 7
408 7
418 7
458 8
496 7
764 7
158 8
702 8
188 5
558 5
384 1
688 3
196 12
234 2
242 9
554 9
266 1
372 2
578 2
620 1
288 5
398 13
807 3
320 5
222 5
340 12
328 10
356 11
462 11
144 11
360 8
392 8
364 13
4 13
51 13
48 4
368 4
792 12
795 13
784 13
376 6
470 1
498 12
414 4
422 4
512 13
760 4
417 6
233 2
178 4
566 4
682 4
96 8
484 5
504 14
478 14
686 1
352 2
258 9
410 8
646 15
180 15
710 16
24 16
508 16
716 16
12 1
740 1
780 5
788 1
44 5
214 5
