8 13
203 5
807 0
688 0
12 12
250 16
724 5
28 2
826 5
32 1
152 1
380 5
600 1
840 2
858 1
36 3
96 4
120 3
344 8
242 3
360 4
296 3
458 4
540 3
554 3
598 3
702 4
764 4
626 3
548 3
40 5
56 5
70 13
276 5
348 5
528 5
616 5
642 13
643 13
703 5
705 5
752 5
756 16
31 13
112 13
48 12
414 12
682 13
52 6
670 6
124 2
208 5
233 5
246 5
300 13
352 5
372 5
428 5
440 5
442 16
191 0
76 1
100 13
44 7
84 5
196 13
430 16
470 5
591 5
156 8
158 2
392 9
446 8
398 13
417 13
762 8
704 8
170 11
188 10
222 10
320 10
340 10
558 10
384 5
234 5
578 5
218 11
818 12
368 12
400 12
422 12
512 12
634 12
760 12
792 13
804 13
784 12
887 13
748 14
508 14
710 14
231 15
262 15
266 5
504 16
620 5
268 13
328 5
50 17
388 5
356 17
462 17
524 17
586 17
364 12
4 12
51 12
376 5
498 13
404 19
450 12
174 12
484 2
192 2
478 5
686 16
24 14
72 5
178 5
180 14
212 5
214 5
270 5
288 5
324 5
624 5
466 5
566 18
608 5
410 9
694 5
740 5
768 5
780 6
184 3
258 3
570 3
882 3
776 3
562 18
204 18
604 5
132 5
659 2
690 4
894 14
144 17
788 16
434 16
706 13
834 19
646 19
662 2
862 7
232 13
716 14
