8 7
688 16
32 0
68 0
76 0
152 0
214 10
600 0
858 0
36 1
96 2
344 1
258 15
360 2
296 1
458 2
462 1
480 1
540 15
554 15
598 1
608 2
410 1
690 15
702 2
144 19
764 10
776 15
784 8
40 3
70 3
100 4
191 3
196 3
203 3
208 9
276 3
300 7
332 3
348 5
380 7
528 3
578 9
616 4
642 4
703 5
705 16
756 7
826 7
56 3
12 3
24 11
52 3
204 11
132 3
170 6
384 3
180 11
818 8
250 7
270 3
288 3
324 7
372 7
388 3
400 8
428 12
422 8
440 3
442 3
466 7
470 3
478 3
504 7
562 7
620 7
643 3
682 8
686 3
724 7
752 9
760 7
788 3
792 16
840 10
84 10
72 11
710 11
854 7
768 3
120 7
178 7
226 7
266 7
124 10
156 2
192 10
392 2
484 10
558 13
591 3
780 3
862 6
446 1
158 10
408 2
496 2
104 2
524 19
704 2
188 10
340 13
48 8
804 9
233 12
234 9
246 9
352 9
414 8
218 6
512 8
634 8
222 13
320 13
28 3
44 4
430 3
584 12
498 4
670 3
748 11
508 11
231 14
262 14
242 15
798 15
112 4
51 3
212 3
376 7
807 16
268 3
31 17
364 17
398 18
417 18
586 19
860 3
232 7
356 19
368 17
795 17
762 18
404 20
706 20
729 3
800 20
834 20
450 1
174 1
516 11
50 3
308 3
624 3
328 3
659 3
662 3
678 7
694 3
740 3
184 15
570 15
882 15
90 15
548 15
4 19
604 6
116 4
454 11
894 11
716 11
566 7
